0.31203 -1.1783 0.31117 -1.0764 -2.2683 0.22334 2.3587 -0.45753 -0.29595 1.7166 -0.39846 -0.95894
0.47503 -1.4133 0.26557 -1.0801 -2.1163 0.23181 2.2529 -0.48741 -0.30842 1.3471 -0.26465 -0.95717
0.49916 -1.3558 0.34077 -0.97948 -2.0045 0.23348 2.1922 -0.53865 -0.49744 1.156 -0.175 -0.81031
0.8377 -1.1818 0.5451 -1.0332 -1.8527 0.40464 1.925 -0.59093 -0.85661 0.65951 0.1788 -1.0474
0.67697 -1.0704 0.49342 -0.62455 -1.7531 0.62455 1.7522 -0.41175 -0.87305 -0.15228 0.13867 -0.78115
0.34067 -0.82149 0.3501 -0.16822 -1.8401 0.82065 1.4899 -0.4443 -1.0873 -0.13341 0.25733 -0.16625
0.85722 -1.1372 0.6637 -0.66243 -1.3677 0.69744 1.4105 -0.7853 -1.2321 -0.00057675 0.62152 -0.22814
0.79396 -1.0277 0.64253 -0.29724 -1.1948 0.61175 1.2363 -0.80525 -1.367 -0.15982 0.75959 0.013089
0.97932 -1.1692 0.63089 -0.48651 -0.9247 0.54564 1.0694 -1.0203 -1.4547 -0.074431 0.93683 -0.1939
0.72497 -1.1469 0.77057 -0.44191 -0.90042 0.6991 0.61367 -1.1662 -1.181 0.069352 1.0528 0.061702
0.45321 -1.2669 0.78924 -0.29561 -0.95443 0.819 0.33004 -1.3031 -0.86597 0.53469 1.227 -0.0057029
0.38869 -1.4621 0.88938 -0.33428 -0.85818 0.83335 0.27197 -1.3366 -0.61078 0.92415 1.4399 -0.5457
0.2263 -1.3877 1.1348 -0.13269 -0.82412 0.72103 0.2195 -1.2857 -0.49197 1.3159 1.4165 -0.97285
-0.0085198 -1.2652 1.2786 0.072243 -0.86811 0.70581 0.24653 -1.2631 -0.50529 1.5848 0.98017 -1.2286
-0.24993 -1.2964 1.3206 0.13519 -0.87318 0.71838 0.1984 -1.1662 -0.38925 1.6028 0.43906 -1.6046
-0.42414 -1.3338 1.3278 0.27409 -0.8907 0.61742 0.15407 -1.1181 -0.28377 1.627 -0.026028 -1.7882
-0.38907 -1.4084 1.3807 0.29319 -0.84128 0.55818 0.030152 -1.0901 -0.11375 1.4884 -0.21739 -2.0078
           
1.5908 0.61754 0.65786 0.41714 -1.1369 -1.5624 1.6487 0.68594 -0.8662 0.56596 -0.36891 -1.2122
1.9406 0.66525 0.78819 0.1225 -0.45431 -1.4118 1.4291 0.60005 -1.1726 0.4551 -0.664 -0.94269
1.8819 0.49603 0.85917 0.29166 -0.41744 -1.536 1.4337 0.46409 -1.3326 0.17998 -0.41945 -0.43845
1.4735 0.52619 0.49032 0.61988 -0.47941 -1.3307 1.5226 0.58532 -1.6895 -0.2114 -0.23296 -0.089106
0.91139 0.60779 0.56966 0.86773 -1.0113 -0.61448 1.3834 0.5323 -1.8454 -0.28798 0.057306 0.031723
1.0568 0.37831 0.73567 0.88355 -0.68522 -0.61909 1.4109 0.18079 -1.7236 -0.13782 -0.065287 0.64139
1.5467 -0.032464 0.85028 0.66594 0.008244 -0.83872 1.2662 0.015647 -1.7098 0.0055026 -0.29007 1.0114
1.486 -0.1 0.66289 1.1139 0.031751 -0.79354 1.2851 0.081128 -1.6008 -0.30877 0.30965 1.3178
1.705 -0.11138 0.13792 1.6953 0.10949 -0.94841 1.4972 0.038782 -1.4437 -0.81801 0.36048 1.5731
1.3125 0.065496 -0.13364 2.1118 -0.39879 -0.41088 1.0663 0.02915 -1.4832 -0.9372 0.15524 1.427
1.7192 -0.11121 0.47687 1.3285 0.3714 -0.98156 0.93414 -0.58165 -1.257 -0.52318 -0.1967 0.89297
1.6441 0.023967 0.94818 1.2496 0.21313 -1.0691 0.18927 -0.99221 -0.95946 0.020811 0.066088 -0.096122
0.81804 0.58478 0.32871 2.2712 -0.52221 -0.35161 0.041158 -0.34784 -1.4282 0.066593 0.36254 -0.23643
1.0639 0.098797 1.1241 1.7895 0.014569 -0.8625 0.37361 -0.85107 -0.78346 0.060075 0.21177 -0.048212
0.6485 0.15274 1.4604 1.9677 -0.15872 -0.88225 0.34497 -1.005 -0.28694 0.24174 -0.056912 0.16834
0.38713 0.097519 1.0762 2.6223 -0.6898 -0.41788 -0.042684 -0.19225 -0.28606 0.30587 0.18545 -0.46217
           
1.0811 -0.66062 1.0614 -0.57424 -2.7674 -0.33266 1.7848 -0.76762 -0.19351 1.1796 0.386 -1.5759
0.7687 -0.85759 0.97561 -0.55546 -2.6157 0.19156 1.892 -0.45783 -0.18635 0.7123 0.28039 -1.4631
0.36132 -0.1703 0.42197 0.35267 -2.8326 0.31948 1.7805 0.0063601 -0.72152 0.303 0.1254 -1.0533
1.2353 -0.64732 0.63349 -0.20676 -1.7868 -0.51234 2.098 -0.21854 -0.96888 0.070057 0.07693 -1.0969
1.2646 -0.82699 0.65994 -0.34983 -1.4704 -0.48191 2.1434 -0.31184 -1.3195 0.15746 -0.21044 -1.1123
1.0512 -0.78346 0.58052 0.20819 -1.4617 -0.35978 2.0931 -0.18414 -1.2926 -0.30251 -0.02772 -0.64285
0.73248 -0.60592 0.59261 0.50965 -1.4089 -0.10955 1.6053 -0.13089 -1.2575 -0.37201 -0.032726 -0.12242
0.75065 -0.48968 0.79608 0.18792 -0.90127 -0.13181 1.3656 -0.30197 -1.6172 0.021845 -0.050022 0.42984
0.84642 -0.50965 0.84165 -0.01139 -0.71132 -0.020629 1.0618 -0.50611 -1.6851 0.0013933 0.36237 0.62716
1.0403 -0.66112 0.89429 -0.13947 -0.56159 0.087428 0.83279 -0.80091 -1.5494 0.12266 0.6758 0.58974
0.68873 -0.45932 0.71324 0.36843 -0.46849 0.14411 0.79838 -0.70479 -1.5015 0.37781 0.53366 0.88723
0.76267 -0.73691 1.0417 0.23313 -0.31441 0.52838 0.55891 -0.67692 -1.0454 0.34451 0.73993 0.45335
0.0031688 -0.36639 0.63954 1.1435 -0.92744 1.0114 0.26406 -0.2714 -1.1306 0.43196 0.68736 0.00049459
0.39939 -0.99362 1.1049 0.54221 -0.39802 0.21827 0.46421 -0.78813 -0.6105 0.73072 0.36441 -0.80179
0.3552 -1.2027 1.335 0.66263 -0.4016 -0.19705 0.16327 -0.84659 -0.19512 0.74902 0.099159 -1.3216
0.27645 -1.302 1.5859 0.9761 -0.35774 -0.45266 -0.087802 -0.67994 0.19324 0.58538 -0.11699 -1.7377
           
0.76793 1.3853 2.114 -0.47528 -2.079 -1.427 1.705 -2.296 -0.61105 2.1666 0.048397 0.4614
0.89206 1.3471 0.97186 -0.08957 -1.659 -1.7365 1.3167 -1.7651 -1.0203 1.4297 0.158 0.12846
0.93723 0.98174 0.2973 0.51662 -1.3964 -1.6781 1.7799 -0.92962 -1.0008 0.60498 -0.35108 0.0014118
1.146 0.42883 0.81033 0.11593 -1.2635 -1.703 2.0447 -1.2805 -0.96311 0.33573 -0.51398 0.44602
1.1804 0.12683 0.75913 0.22817 -1.2651 -1.8187 1.8932 -1.3399 -1.2331 0.38297 -0.2156 0.53929
1.3568 -0.23704 0.35668 0.85603 -0.90205 -2.3137 1.9204 -0.76526 -1.4741 0.059442 0.23788 0.52106
0.88437 -0.23616 0.53764 1.3485 -1.0874 -1.9956 1.3239 -0.53911 -1.3027 0.44623 0.88112 0.69613
1.0757 0.15651 -0.01779 1.5032 -0.78676 -1.4175 1.067 -0.13204 -1.7332 0.26441 0.95031 0.5656
1.8447 -0.19208 -0.0169 1.0173 -0.034573 -1.6081 1.3162 -0.56926 -1.6864 -0.15181 0.88375 0.91694
1.8022 0.32199 -0.21643 0.90581 0.076616 -1.4551 0.97009 -0.87 -2.103 -0.20219 1.0423 0.83949
1.7511 0.43677 0.18167 0.42167 0.28829 -1.5478 0.67549 -1.8296 -1.8741 0.00623 0.54773 1.0621
1.8941 -0.09934 -0.036509 0.42746 0.70471 -1.5477 0.86072 -2.1884 -1.4353 0.61443 -0.43758 0.79157
1.8241 -0.54345 -0.15701 0.70699 0.74821 -1.8148 0.9124 -1.7656 -1.5579 0.86495 -0.14879 0.21963
1.5342 -1.0375 0.086192 0.94437 0.23812 -1.7011 0.62759 -1.5234 -1.1784 0.83068 0.32041 -0.39946
0.92919 -1.0579 -0.097435 1.8166 -0.64241 -0.79889 0.10513 -1.0839 -0.64618 0.55928 0.66106 -0.58654
1.228 -1.5898 0.42708 1.3463 -0.037442 -1.3392 0.36754 -0.95754 -0.18313 0.70672 0.77614 -1.1495
0.728 -1.7369 0.57418 1.662 -0.30698 -0.74817 0.32647 -0.57522 0.45036 0.6754 0.54766 -1.1783
0.26501 -1.8825 0.65397 1.8094 -0.69265 -0.02052 0.24869 -0.42754 0.85025 0.64007 0.25891 -1.1805
-0.032847 -1.9802 0.88015 1.8534 -0.81782 0.10969 0.20962 -0.31988 1.0919 0.56967 -0.012238 -1.2952
-0.10668 -2.1517 1.003 1.8734 -0.70175 0.058675 0.2422 -0.16037 1.3045 0.27889 -0.23471 -1.4427
-0.15133 -2.2888 1.0099 2.0213 -0.69685 0.077597 0.19802 -0.010624 1.4629 -0.051187 -0.38201 -1.5198
           
0.82956 -0.2737 0.21623 0.22759 -1.0896 -0.35832 2.8397 0.88617 -0.56659 1.1986 0.16785 -1.1823
1.0959 -0.31276 0.39075 0.2427 -0.70517 -0.19285 2.7369 0.44759 -0.80584 1.1298 0.24624 -0.97601
1.3717 -0.42989 0.29679 0.47228 -0.37011 -0.89574 2.778 -0.27282 -1.0725 1.0451 -0.10701 0.00012643
0.93695 -0.23699 0.49902 0.64605 -0.44974 -0.64842 2.1892 -0.00065697 -1.2004 1.0047 -0.053573 0.5631
0.69626 -0.16535 0.34523 0.82477 -0.6782 0.0090332 1.9632 0.060523 -1.3857 0.44687 0.5403 0.78685
1.0132 -0.31063 0.35934 0.70444 -0.58283 0.25559 1.4473 -0.042263 -1.378 0.076149 1.3679 0.65667
1.4041 -0.34116 0.49163 0.69291 -0.1265 0.15447 1.1391 -0.11823 -1.2538 0.078755 1.8803 0.63947
0.90931 -0.13146 0.21162 1.2352 -0.30906 0.24797 1.1247 -0.4187 -1.0434 0.73484 1.0919 0.94333
0.56718 -0.38529 0.35971 1.1804 -0.39051 0.073063 0.97205 -0.84065 -0.81203 1.1206 0.90692 0.5732
0.36693 -0.44542 0.46935 1.2774 -0.2755 -0.53114 0.46192 -0.82822 -0.92645 1.2082 0.44517 0.30047
0.60505 -0.73564 0.76192 1.001 -0.16865 -0.90781 0.34226 -1.0154 -0.83717 1.381 0.25807 -0.05991
0.34182 -0.55312 0.93001 1.0303 -0.55001 -0.33461 -0.060044 -0.7947 -0.78899 0.89088 0.75347 -0.32688
0.45962 -0.80166 1.3112 0.37085 -0.38162 -0.26701 -0.017998 -1.084 -0.74236 1.3901 0.76344 -0.59643
0.32723 -0.67891 1.2458 0.75799 -0.32736 -0.30088 -0.26737 -0.94361 -0.4538 1.2735 0.74574 -0.62052
0.13004 -0.41611 1.2435 1.1514 -0.39026 -0.45942 -0.23103 -1.0963 -0.18836 1.3865 0.27826 -0.34553
0.34036 -0.68628 1.3079 0.86286 -0.23846 -0.61156 -0.14704 -1.1477 -0.045223 1.5101 0.20407 -0.88307
0.23701 -0.97296 1.2029 0.80987 -0.11287 -0.4815 -0.13581 -0.96372 0.20755 1.5284 -0.11084 -1.1459
0.0051993 -1.072 1.3751 0.85793 -0.29711 -0.20742 -0.00073599 -0.94862 0.47409 1.5321 -0.37962 -1.2834
           
0.5357 1.4719 1.2096 0.30693 -1.1067 -0.48477 2.0996 -0.76379 -0.58751 -0.36409 -0.16294 0.89309
1.0987 0.93974 0.99929 -0.02999 -0.78172 -0.26167 1.4003 -0.49797 -1.759 -0.15533 0.022729 0.62101
0.79527 0.59366 0.35374 -0.19411 -0.52128 -0.05023 1.2445 -0.46478 -1.9814 -0.33496 -0.45937 0.63186
0.70511 0.12095 -0.059446 0.0060114 -0.20892 -0.25876 1.3099 -0.4043 -1.9824 -0.12513 -0.84164 0.79188
0.9525 -0.55973 -0.051688 0.2473 -0.35963 -0.25869 1.7181 -0.81824 -1.5391 0.20936 -0.68557 0.58475
0.83044 -0.77205 -0.054401 0.37264 -0.94154 0.3222 1.4408 -1.0659 -1.3465 0.27632 -0.0061443 0.084063
1.101 -0.97812 0.27178 0.57911 -1.0474 0.4645 1.0087 -1.0377 -1.0203 -0.014963 0.67613 0.16564
1.4196 -0.92207 0.38266 0.50944 -0.62622 -0.05991 1.1828 -1.2526 -1.0263 0.47304 0.91568 0.1886
1.0917 -0.51206 -0.12161 1.117 -0.40102 -0.050422 0.87668 -0.95374 -0.95613 0.81831 0.91765 0.038334
1.1735 -0.71459 0.25767 0.89669 0.11094 -0.80153 0.872 -1.3144 -0.52074 1.1487 0.18795 -0.13595
0.75843 -1.208 0.55234 0.76281 -0.062239 -0.62915 0.78454 -1.1054 -0.3445 1.2809 0.0082378 -0.60777
0.62848 -1.6509 0.59307 0.63428 -0.17213 -0.51392 0.76576 -1.0381 -0.26995 1.3164 0.082428 -1.2092
0.44913 -1.7881 0.5174 0.92332 -0.36088 -0.39538 0.69545 -1.0396 -0.0033893 1.0529 0.074787 -1.332
           
0.19479 0.49931 0.29315 -1.2579 -1.995 0.49322 1.3418 -0.38584 -1.0945 1.4536 -1.1881 -2.104
0.45807 0.021201 0.60957 -1.5328 -1.6567 0.43847 1.5967 -0.4201 -1.1173 1.2007 -0.94763 -1.8925
0.24347 -0.21508 0.68511 -1.5005 -1.567 0.68317 1.6748 -0.2717 -1.1898 1.0156 -0.63257 -1.7162
0.20461 -0.35436 0.60485 -1.3538 -1.4067 0.91037 1.8234 -0.24536 -1.2323 0.92733 -0.60829 -1.5075
0.081699 -0.15645 0.52177 -0.87844 -1.3596 0.99324 1.7288 0.11268 -1.4648 0.41962 -0.37573 -1.2221
0.49608 -0.40699 0.73578 -1.1342 -0.94378 1.0313 1.8462 0.058851 -1.5786 0.1318 -0.33426 -0.92447
0.50291 -0.52425 0.74506 -0.90623 -0.71405 1.1986 1.867 0.22579 -1.6143 -0.02923 -0.14539 -0.60907
0.50293 -0.66215 0.61324 -0.6564 -0.47629 1.2551 1.7843 0.37117 -1.6439 -0.32393 0.024801 -0.62103
0.49904 -0.68101 0.55197 -0.42818 -0.24722 1.1376 1.6734 0.30095 -1.5872 -0.29925 0.021382 -0.19532
0.42923 -0.64745 0.61509 -0.22602 -0.049355 1.027 1.4888 0.11816 -1.3638 -0.18639 -0.32488 0.47981
0.36569 -0.82678 0.67393 -0.26827 0.31746 1.3345 1.2506 0.17281 -0.94538 0.024648 -0.69836 0.53512
0.22569 -1.1086 0.47052 -0.22422 0.38171 1.6471 1.2889 0.080768 -0.79354 0.56974 -0.70016 -0.22493
0.26197 -1.2373 0.45114 -0.36549 0.24654 1.4586 1.2365 -0.39797 -0.82065 1.0464 -0.092153 -0.92578
0.26762 -1.069 0.66428 -0.079167 0.090311 1.0207 0.9523 -0.56438 -0.88939 1.0634 0.28373 -1.0166
0.30777 -1.1612 0.83131 0.24581 0.093287 0.54496 0.79973 -0.57433 -0.66696 1.0444 0.19622 -1.1322
0.27834 -1.4013 0.84932 0.39153 0.12399 0.26147 0.68621 -0.5338 -0.41187 1.048 -0.013732 -1.389
           
1.1541 0.71537 1.0098 -0.23336 -1.7459 -0.38092 1.1613 -0.67151 -1.0702 0.61361 -0.50036 -0.56303
1.9348 0.013922 1.3312 -0.68198 -1.4754 -0.74411 1.2701 -0.84597 -1.2529 0.074834 -0.34511 -0.76373
1.6285 0.083514 1.091 -0.42157 -1.5023 -0.60069 1.3354 -0.88359 -1.2212 -0.28598 -0.39491 -0.2258
1.1447 0.3852 0.94973 -0.11547 -1.548 -0.65046 1.5687 -1.1919 -1.363 -0.046786 -0.17884 0.3805
0.87909 0.18468 0.9858 -0.070644 -1.4573 -0.31407 1.0995 -0.76859 -1.4692 -0.083942 0.24147 0.35513
0.59867 0.059793 0.90092 0.15407 -1.6707 0.29342 0.85894 -0.40848 -1.4797 -0.37315 0.57103 0.10461
1.1094 -0.47587 1.2963 -0.59812 -1.2675 0.31164 0.78989 -0.88559 -1.446 -0.24609 0.75056 -0.005575
0.56071 -0.25968 1.0658 0.015811 -1.2968 0.54273 0.72072 -0.59546 -1.4983 -0.38131 0.42216 0.6347
0.32919 -0.11368 0.94485 0.39718 -1.2837 0.59541 0.50412 -0.47819 -1.5356 -0.35469 0.47157 0.91021
0.95248 -0.59769 1.332 -0.18805 -0.87337 0.32044 0.30538 -1.0379 -1.1387 -0.019026 0.7239 0.56017
0.55952 -0.49203 1.1768 0.2507 -0.98614 0.62341 0.099778 -1.0349 -0.93022 0.33585 0.78791 0.59169
0.37144 -0.47541 1.1919 0.38348 -1.0904 0.83161 0.051104 -1.1382 -0.92753 0.70821 1.1143 0.38154
0.60448 -0.70432 1.3905 0.099455 -0.89159 0.62868 0.10839 -1.3331 -0.86281 0.84989 1.3631 -0.085873
0.48346 -0.66186 1.4637 0.10809 -0.83611 0.43899 0.10949 -1.3708 -0.8912 1.1154 1.0783 -0.22482
0.29619 -0.7127 1.5433 0.29682 -0.83555 0.30388 -0.0087398 -1.256 -0.65201 1.0332 0.79766 -0.485
0.18063 -0.84809 1.5315 0.43243 -0.84729 0.18264 -0.12796 -1.1907 -0.44407 0.85724 0.49964 -0.8034
0.13486 -0.98261 1.6058 0.54627 -0.89935 0.1954 -0.18516 -1.1565 -0.26192 0.79363 0.50329 -1.1003
           
0.55698 -0.24206 0.63606 -1.645 -2.272 -0.058657 1.8132 -0.61743 -0.74299 1.9318 -0.65943 -1.8675
0.48512 -0.27861 0.565 -1.4648 -2.0759 0.024613 1.6894 -0.56264 -0.71704 1.4472 -0.85505 -1.5435
0.44527 -0.47635 0.28669 -1.1059 -1.9454 -0.081454 2.0716 -0.67445 -0.6649 1.0084 -0.95457 -1.1893
0.43058 -0.71178 0.35529 -0.88313 -1.9389 -0.096553 2.1214 -0.48441 -0.85315 1.0127 -0.88817 -1.1515
0.45282 -0.84273 0.44145 -0.87821 -1.9386 -0.030152 2.0067 -0.46035 -1.0214 0.92592 -0.53099 -1.0863
0.40496 -0.92191 0.37876 -0.87026 -1.7651 0.24898 2.0177 -0.3852 -1.0611 0.63053 -0.3755 -0.8339
0.078276 -0.83153 0.31373 -0.61 -1.388 0.34098 1.9648 -0.15615 -1.1875 0.55907 -0.38438 -0.22603
0.011053 -0.69915 0.3991 -0.3831 -1.2384 0.46514 1.905 -0.038683 -1.4586 0.41975 -0.34154 0.10622
0.14358 -0.73598 0.48639 -0.36945 -1.0535 0.62951 1.7827 -0.13497 -1.5968 0.11023 -0.46691 0.14639
-0.017235 -0.64812 0.42339 -0.17631 -0.81721 0.5317 1.5918 -0.27519 -1.5859 0.11972 -0.53108 0.57298
0.098697 -0.77862 0.40752 -0.14243 -0.48957 0.22763 1.0588 -0.46349 -1.3214 0.10897 -0.29572 0.91126
0.080967 -0.65909 0.70419 -0.002557 -0.36448 0.19703 0.45095 -0.52077 -1.148 0.25369 -0.49817 1.27
0.024078 -0.62702 0.70293 0.046198 -0.41968 0.35894 0.20025 -0.83176 -1.0609 0.87888 -0.81469 1.027
0.059282 -0.7198 0.55478 -0.21401 -0.58226 0.56243 0.42324 -1.2754 -1.1483 1.4712 -0.31238 0.23141
0.0060952 -0.67518 0.6507 -0.18391 -0.58888 0.47171 0.3709 -1.2659 -1.1993 1.7306 0.28022 0.015992
0.015856 -0.64392 0.79951 -0.14433 -0.44233 0.41549 0.45222 -1.1747 -1.1715 1.8898 0.55625 -0.016191
0.022705 -0.60218 0.82978 -0.012841 -0.3399 0.34164 0.49861 -1.1646 -1.0949 1.9767 0.62858 -0.05594
-0.11744 -0.65014 0.82737 0.14587 -0.30588 0.22273 0.45503 -1.0667 -0.99383 1.9368 0.47632 -0.30189
-0.22361 -0.70357 0.9362 0.31464 -0.35645 0.11324 0.37331 -0.99839 -0.91862 1.7935 0.32352 -0.54019
-0.25382 -0.92441 0.93982 0.4412 -0.35227 0.016426 0.37888 -0.94024 -0.7356 1.612 0.04518 -0.78613
-0.45705 -0.94326 0.77673 0.73277 -0.4621 -0.098271 0.2725 -0.83681 -0.68294 1.3705 -0.1385 -0.88457
           
0.26522 -0.6278 0.84483 -1.2958 -3.0597 1.0932 3.2381 -1.5677 -0.12581 2.6245 -1.321 -1.3317
-0.055378 -0.58994 0.95009 -1.2557 -2.9922 1.4664 2.8452 -1.2003 -0.3246 2.3737 -1.4967 -1.209
-0.21897 -0.6042 0.86558 -1.0576 -2.8074 1.3034 2.8388 -1.0429 -0.46131 2.003 -1.4848 -0.80239
-0.099876 -0.71203 0.79896 -0.98762 -2.7153 1.2213 2.843 -1.0485 -0.62097 1.7626 -1.3744 -0.68983
0.26685 -0.91421 0.79119 -1.024 -2.7208 1.3613 2.696 -1.1317 -0.72954 1.4289 -1.0797 -0.83841
0.3866 -1.0033 0.70012 -0.90991 -2.5726 1.2452 2.6934 -1.1768 -0.80712 1.1885 -0.85999 -0.71231
0.011812 -0.97187 0.63177 -0.67225 -2.2713 1.1158 2.7108 -1.1258 -0.87988 1.2877 -1.1527 -0.14535
0.069804 -1.0666 0.71189 -0.72446 -1.92 1.1134 2.461 -0.87389 -1.0963 1.0685 -1.1648 -0.041356
0.14473 -1.1236 0.64682 -0.45442 -1.8828 1.0511 2.3008 -0.80685 -1.1621 0.62193 -0.85139 -0.070653
0.35735 -1.2854 0.4259 -0.17727 -1.9549 1.062 2.1591 -1.0362 -1.0364 0.31296 -0.65596 0.097203
0.65754 -1.4345 0.24339 -0.18666 -1.6853 0.83996 1.8445 -1.2503 -0.93038 0.2275 -0.39375 0.44109
0.66646 -1.2573 0.3748 -0.25798 -1.294 0.58995 1.253 -1.3205 -0.92938 0.32253 -0.3026 0.93781
0.0073758 -0.12791 1.0441 0.14892 -1.2778 0.87042 0.53217 -0.99748 -1.2874 0.40701 -0.23712 1.8222
0.3493 -0.32059 0.99947 -0.47658 -0.95688 0.9618 0.15987 -1.592 -1.2293 1.1999 0.16562 0.9595
0.67554 -0.75556 0.57029 -0.39452 -1.027 0.84698 0.51048 -1.6582 -1.2163 1.0777 0.56808 0.41447
0.72642 -1.0435 0.54114 -0.13126 -1.0356 0.5645 0.88794 -1.6578 -0.95565 1.5 0.79497 0.31039
0.59151 -1.4491 0.65719 -0.31167 -1.2261 0.96446 0.88817 -1.7648 -0.77989 1.3907 1.0376 -0.19462
0.41602 -1.3544 0.68879 0.13364 -1.5574 0.93388 0.85622 -1.7823 -0.72773 1.447 1.0962 -0.11266
0.54362 -1.3915 0.87197 0.079361 -1.4384 0.70293 0.78797 -1.7979 -0.62812 1.496 1.185 -0.41472
0.56332 -1.4359 0.9354 0.17003 -1.2891 0.4655 0.66484 -1.6971 -0.49067 1.4775 1.0485 -0.61144
0.37101 -1.411 0.73593 0.81188 -1.5169 0.56125 0.46597 -1.5501 -0.17359 1.2441 0.68573 -0.23542
0.55245 -1.654 0.73339 0.60182 -1.1962 0.22581 0.53376 -1.5571 -0.044379 1.2272 0.65496 -0.5836
0.43018 -1.6951 0.6088 0.67547 -1.133 0.098369 0.71254 -1.4463 -0.11787 1.2652 0.65108 -0.76182
           
0.31137 -1.1995 0.48045 -0.10953 -2.2937 0.10239 3.0369 -0.52723 -0.50886 0.57223 -1.3553 -0.99222
0.29391 -1.4092 0.28729 0.082104 -2.0781 0.11935 2.9156 -0.38585 -0.52066 0.29932 -1.4286 -0.83693
0.58185 -1.7185 0.27878 -0.12565 -1.6695 0.15582 2.6437 -0.29604 -0.68045 0.16306 -1.3558 -0.75094
0.33416 -1.9083 0.23212 0.039291 -1.5842 0.38227 2.3573 -0.26804 -0.57244 -0.040758 -1.3539 -0.37779
0.28988 -2.2098 0.2579 0.035566 -1.4947 0.8148 2.0518 -0.25271 -0.39039 -0.40124 -1.3368 -0.22948
0.071518 -1.904 0.22486 0.19661 -1.3534 0.90571 1.8667 -0.3113 -0.64002 -0.30143 -1.682 0.29113
0.12362 -1.2132 0.54418 -0.02143 -0.96216 0.94255 1.6537 -0.47802 -1.1546 0.25506 -1.4665 0.60971
0.071156 -1.4868 0.41934 -0.23499 -0.87754 1.1066 1.6836 -0.63184 -1.0621 0.64366 -0.64089 0.036518
0.13275 -1.2969 0.32985 -0.18761 -0.73396 0.59908 1.4304 -0.84061 -1.1537 0.9682 -0.34927 0.56153
0.25895 -1.4792 0.19643 0.079625 -0.17459 0.23913 1.2847 -0.43801 -0.69606 0.95815 -0.11866 0.19126
0.25827 -1.6197 0.34554 0.16278 -0.29801 0.40807 1.2122 -0.43555 -0.63071 0.63506 0.089858 -0.28891
0.22964 -1.4194 0.47569 0.077268 -0.29123 0.62843 1.4414 -0.56591 -0.97462 0.78979 0.071112 -0.03169
0.081772 -1.4279 0.55125 0.33935 -0.2426 0.59277 1.4667 -0.62684 -0.76575 1.0099 -0.12271 0.044226
-0.01372 -1.5259 0.5255 0.60355 -0.24536 0.37064 1.2293 -0.54524 -0.51652 0.93018 -0.029452 -0.27822
0.05118 -1.5694 0.59579 0.55348 -0.21388 0.24535 1.0441 -0.53614 -0.46428 0.93215 -0.02273 -0.58086
-0.061713 -1.4826 0.5955 0.73999 -0.31246 0.20463 0.89237 -0.53523 -0.35978 0.88079 0.055539 -0.62965
-0.0024132 -1.5785 0.5905 0.71223 -0.1848 0.10042 0.93648 -0.54558 -0.2366 1.0205 -0.12964 -0.64542
0.0070099 -1.6917 0.5902 0.82701 -0.050937 -0.09248 0.9442 -0.42494 -0.0534 1.073 -0.3538 -0.56094
-0.014229 -1.7868 0.67097 0.92714 -0.031611 -0.1282 0.85097 -0.29737 0.19821 0.99262 -0.34522 -0.53689
           
0.027808 -0.13991 0.66676 -0.93531 -1.5301 0.47345 2.7442 0.011076 -0.3121 1.0383 -0.91462 -1.0838
0.22958 -0.23916 0.51667 -0.79264 -1.2872 0.56384 2.9944 0.25642 -0.67703 0.67122 -1.1626 -1.5197
0.56711 -0.093486 0.4951 -0.56009 -1.0761 0.2673 2.9091 0.2599 -1.1113 0.21396 -1.1882 -1.3013
0.84041 -0.016699 0.48414 -0.546 -0.81649 -0.032959 2.5984 0.026085 -1.3717 -0.15073 -1.3616 -0.89207
0.98651 -0.31247 0.52756 -0.59926 -0.72238 0.1988 2.0655 0.066365 -1.5739 -0.49822 -0.96107 -0.96203
1.0704 -0.47756 0.52137 -0.55982 -0.62473 0.26904 2.0717 -0.064733 -1.5699 -0.58343 -0.80587 -0.68956
0.53344 -0.35198 0.16581 0.20582 -0.83692 0.51199 1.6403 0.19919 -1.5311 -0.95187 -0.30876 -0.43749
0.89062 -0.70892 0.3867 -0.12011 -0.39398 0.41189 1.4353 -0.059128 -1.4626 -0.86465 0.05698 -0.13464
0.91507 -0.50936 0.39316 -0.24129 0.041414 0.11756 1.2801 -0.37611 -1.6093 -0.56723 -0.25262 0.72115
0.81781 -0.25723 0.3355 -0.361 0.44765 0.039719 0.9792 -0.74433 -1.5963 -0.17343 -0.77394 1.2712
0.75137 -0.70592 0.011426 -0.099872 0.35468 0.53332 0.95404 -0.73015 -1.3613 0.32673 -1.1738 0.69043
0.60997 -0.97613 -0.01296 -0.086305 0.14305 0.94592 0.98389 -0.69989 -1.2409 0.4656 -0.79919 -0.016494
0.5375 -1.1894 0.010977 -0.1178 0.060249 1.0254 0.96944 -0.79612 -1.0407 0.61732 -0.45057 -0.62425
0.37999 -1.2339 0.012523 0.059764 -0.097317 0.94495 1.0671 -0.86307 -0.88505 0.7801 -0.10954 -1.0508
0.32539 -1.221 0.14713 0.28258 -0.24263 0.70556 0.9873 -0.95279 -0.78292 0.83164 0.28257 -1.2372
0.57727 -1.556 0.40793 0.15779 -0.13176 0.5134 0.89496 -0.91195 -0.5895 0.73285 0.60559 -1.6495
           
0.19419 -1.2326 0.63005 -0.52388 -2.7801 0.72018 2.6053 -0.47772 -0.55263 1.153 -0.12623 -1.8156
0.41629 -1.5797 0.87967 -0.41336 -2.8823 1.2045 2.5526 -0.54076 -0.21833 0.51989 0.16478 -1.684
0.54424 -1.5985 0.61106 0.10023 -2.851 0.89023 2.6044 -0.37281 -0.32889 0.12275 0.29192 -1.5239
0.49221 -1.6204 0.34169 0.6445 -2.9248 0.979 2.3768 -0.32604 -0.45493 0.024869 0.097574 -0.80418
0.76797 -2.5928 0.52381 0.5452 -2.4708 0.87727 2.3713 -0.5498 0.2583 -0.47136 0.21806 -0.11552
0.51456 -2.6577 0.31842 0.47699 -2.2554 0.81672 2.2046 -0.54726 0.014108 -0.44086 0.44573 -0.12135
0.41624 -2.5815 -0.10381 0.60396 -1.9314 0.61829 1.9417 -0.53214 -0.29859 -0.28131 0.74528 0.11526
0.24343 -2.5758 -0.32099 0.77057 -1.8421 0.74932 1.7117 -0.4286 -0.31545 -0.30734 0.91348 0.38537
0.23665 -2.4758 -0.048707 1.0447 -1.9676 0.68166 1.6572 -0.42393 -0.27916 -0.077123 1.1175 0.45969
0.37942 -2.738 0.44661 0.54511 -1.7997 1.0934 1.8202 -0.88156 0.12614 0.30102 1.3113 -0.039963
0.11203 -3.0442 0.29996 0.52256 -1.719 1.408 1.9989 -0.90161 0.17731 0.38466 1.1337 -0.3418
-0.18502 -2.5253 -0.025772 1.3264 -2.1362 1.303 1.5751 -0.74963 -0.15064 0.71248 0.9506 0.11373
0.36745 -2.8733 0.31386 0.98179 -1.6597 0.87974 1.6208 -1.0992 0.29668 0.65891 1.3734 -0.33259
0.44789 -3.0558 0.42193 0.84473 -1.501 0.76051 1.6125 -1.2233 0.41911 0.68239 1.607 -0.69954
0.11525 -3.0015 0.31814 1.2591 -1.6584 0.74232 1.4244 -1.0611 0.42209 0.80635 1.4009 -0.5409
0.082889 -3.2099 0.32256 1.3065 -1.5936 0.69356 1.4501 -1.0384 0.5781 0.73325 1.4805 -0.61217
-0.58108 -2.7615 -0.13263 2.2219 -2.2017 0.98859 0.9593 -0.53095 0.18504 0.99233 0.91359 -0.22658
-0.29431 -3.3904 0.12577 1.8982 -1.659 0.53003 1.3315 -0.6594 0.77075 0.61495 0.96894 -0.5904
           
0.29978 -0.93691 0.62891 -0.87803 -2.3875 0.16138 1.874 -0.16108 -0.47101 0.70395 -0.29731 -1.6725
0.53917 -0.78487 0.76478 -0.87551 -2.179 0.077208 1.8271 -0.051303 -0.78714 0.43589 -0.30356 -1.7059
-0.14625 0.16394 0.22076 0.12193 -2.5678 0.32223 1.2013 0.46132 -1.3395 0.049099 -0.48471 -1.3296
0.96206 -0.47245 0.66716 -1.0825 -1.5125 -0.25355 1.5919 -0.38881 -1.317 0.14575 -0.59901 -1.2848
1.0637 -0.4356 0.5723 -0.85739 -1.2965 -0.39323 1.6101 -0.42072 -1.4063 -0.26584 -0.52442 -0.9539
0.80433 -0.10218 0.2401 -0.29019 -1.2121 -0.09031 1.3022 -0.11176 -1.6901 -0.74432 -0.405 -0.80764
1.3704 -0.49322 0.47147 -0.54051 -0.65292 -0.13469 1.1559 -0.19261 -1.5819 -0.95235 -0.54218 -0.47893
1.0563 -0.42662 0.17922 -0.061392 -0.61214 0.2193 0.93196 -0.017318 -1.5391 -1.0621 -0.24803 -0.11504
1.2358 -0.68569 0.22109 -0.35705 -0.36758 0.44507 0.92219 -0.26 -1.4808 -0.84364 -0.036371 -0.20421
1.0097 -0.56182 0.037967 -0.027493 -0.51891 0.7889 0.97654 -0.1931 -1.5706 -0.94014 0.3906 -0.24944
1.3412 -0.96302 0.35799 -0.17821 -0.23487 0.66325 1.1656 -0.41961 -1.2527 -0.668 0.40524 -0.35257
0.76966 -0.64165 -0.064225 0.56539 -0.63488 0.79588 0.87575 -0.54817 -1.3588 -0.067636 0.23271 -0.25678
1.0822 -0.94438 0.394 0.16829 -0.23609 0.21695 0.90268 -0.92058 -1.1643 0.41853 0.75111 -0.59469
0.9098 -0.94422 0.42175 0.49891 -0.10157 0.015461 0.71499 -0.60792 -1.1179 0.33709 0.98273 -0.89539
0.77753 -0.96728 0.45917 0.60905 -0.004449 -0.047043 0.64488 -0.42987 -1.0468 0.27964 0.88209 -1.2124
0.86698 -1.188 0.65676 0.3426 0.16261 -0.22234 0.68928 -0.52894 -0.76787 0.64896 0.57549 -1.549
0.70343 -1.1675 0.75566 0.51813 0.19787 -0.41787 0.63962 -0.47604 -0.61125 0.9798 0.29274 -1.5298
0.60104 -1.2617 0.86403 0.69721 0.23564 -0.4547 0.76317 -0.30118 -0.39398 1.1614 0.14703 -1.6053
           
0.70348 0.21266 1.0228 -1.016 -1.516 0.68969 1.7386 -0.28709 -1.8863 0.028275 -1.1282 -1.711
0.56214 0.027303 0.99283 -0.85969 -1.6192 0.82869 1.6854 -0.19629 -1.8367 -0.19074 -0.81149 -1.654
0.65421 -0.087396 0.86488 -0.71062 -1.3245 0.65113 1.7476 -0.11575 -1.9887 -0.30456 -0.82969 -1.2929
0.76049 -0.22131 0.82829 -0.77406 -1.0529 0.60915 1.8149 -0.12491 -2.0521 -0.5552 -0.81984 -1.0996
0.45293 -0.18145 0.83591 -0.60964 -1.1084 0.92467 1.7117 -0.16362 -1.9967 -0.78498 -0.77318 -0.9825
0.41925 -0.21962 0.88463 -0.57502 -1.0457 1.02 1.4491 -0.29447 -1.9537 -0.84294 -0.83271 -0.83108
0.44378 -0.35254 0.83889 -0.74661 -0.85856 1.0583 1.1386 -0.50906 -1.9219 -0.64712 -0.83761 -0.81728
0.342 -0.5034 0.77697 -0.77415 -0.83941 1.1388 1.0439 -0.78851 -1.8778 -0.15616 -0.66319 -0.88515
0.20557 -0.56725 0.75974 -0.64801 -0.91824 1.2114 1.0013 -1.0626 -1.8497 0.27854 -0.41945 -0.82848
-0.077532 -0.60945 0.65781 -0.31049 -0.9743 1.278 0.97167 -1.0029 -1.8505 0.37614 -0.14536 -0.70858
-0.063813 -0.95197 0.63412 -0.20052 -0.89832 1.1787 0.9961 -0.8717 -1.6641 0.35101 0.069632 -0.8197
-0.081793 -1.1221 0.71753 -0.0029915 -0.87996 0.96104 0.89819 -0.69889 -1.3944 0.25626 0.28394 -0.91839
-0.056183 -1.307 0.8654 0.12331 -0.78183 0.67017 0.75552 -0.61879 -0.96465 0.40573 0.50895 -1.1287
-0.48693 -1.0153 0.74531 0.79708 -0.95545 0.55909 0.56246 -0.37382 -0.81644 0.63814 0.59469 -0.91036
-0.31478 -1.2702 0.97912 0.66829 -0.68527 0.44237 0.52648 -0.50082 -0.39306 1.1278 0.52858 -1.0762
           
0.69125 1.0946 1.2978 -1.1605 -1.8844 0.13366 0.64795 -0.44307 -1.5157 0.80551 -0.44312 -1.6616
0.70563 0.65692 1.5219 -1.2653 -1.8416 0.36456 0.6856 -0.58414 -1.3974 0.72468 -0.13167 -1.3795
0.62228 0.48133 1.5955 -1.3488 -1.7858 0.68155 0.75374 -0.505 -1.3573 0.38375 -0.14918 -1.3015
0.52043 0.47533 1.6188 -1.3087 -1.5047 0.85437 0.68894 -0.32165 -1.4631 -0.11666 -0.0056983 -1.0554
0.44875 0.17904 1.3937 -1.1956 -1.36 1.0305 0.73513 -0.14106 -1.6333 -0.37066 0.083402 -1.3054
0.38358 0.099406 1.2075 -0.79143 -1.1425 0.97353 0.83224 0.1795 -1.8275 -0.84622 -0.084393 -1.2332
0.62572 0.1543 1.2919 -0.60895 -0.85374 0.83599 0.89819 0.22113 -1.9362 -1.0873 0.23354 -0.9991
0.5906 0.29776 1.1891 -0.1945 -0.54163 0.79453 0.74144 0.30399 -1.9843 -1.1735 0.44322 -0.44795
0.34333 0.35551 1.2466 0.035283 -0.17342 0.76115 0.25648 0.32487 -1.925 -0.76548 0.27048 0.26448
0.86361 0.22475 1.4792 -0.17962 0.040881 0.85535 0.41739 -0.31599 -1.8101 -0.12784 0.51151 0.19176
0.6209 0.13238 1.1799 -0.088136 -0.071122 1.1052 0.44995 -0.51173 -1.7579 0.24977 0.54834 -0.39169
0.30893 -0.1014 0.98114 -0.19129 0.099529 1.1579 0.25601 -0.33937 -1.6811 0.19893 0.61024 -0.97964
0.099344 -0.59556 0.9263 -0.22772 0.21992 0.85681 0.26154 -0.26313 -1.4005 0.33783 0.50635 -1.2793
-0.18602 -0.78367 0.80472 0.30338 0.11898 0.28832 0.085165 -0.061545 -1.1785 0.50451 0.2239 -1.6168
-0.24324 -0.81352 0.90036 1.0164 0.0094545 -0.36799 -0.15303 0.18039 -0.82584 0.49389 -0.14878 -1.91
-0.50358 -0.76734 1.3887 1.2517 -0.080457 -0.31018 -0.29049 0.4324 -0.33938 0.62567 -0.35337 -2.1555
           
0.56667 0.38882 1.2488 -1.51 -1.7169 0.50747 1.7314 -0.54987 -1.1842 0.51993 -0.59213 -1.2662
0.71155 0.69168 1.1559 -1.8374 -1.4178 0.23215 1.0911 -0.20495 -1.8494 0.37111 0.20072 -1.9935
0.44603 0.69683 0.58434 -1.0265 -1.3405 0.092038 1.1045 0.21584 -2.0056 0.38528 -0.1745 -1.6059
0.66746 0.11586 0.54589 -0.87125 -1.1593 0.33177 1.4123 0.18072 -1.7803 -0.25777 -0.0033885 -1.4074
0.81773 -0.16061 0.61214 -1.0126 -0.95992 0.63478 1.0644 -0.062097 -1.6521 -0.93616 0.46368 -1.4465
1.1905 -0.42679 0.46796 -0.77559 -0.50327 0.25756 1.2136 0.22519 -1.6666 -1.4092 0.044389 -1.2834
0.9097 0.030796 -0.063549 -0.062304 -0.25985 0.0035032 0.92271 0.60774 -2.2011 -1.5128 0.083178 -0.68867
1.3119 -0.19308 0.21334 -0.34656 0.32347 -0.18755 0.65826 0.10267 -1.9927 -0.91828 0.16663 0.015705
1.2309 -0.20345 -0.19943 0.018911 0.2535 0.027001 0.9629 -0.28207 -1.9207 0.031818 0.031382 0.071806
1.1777 -0.26498 -0.050556 -0.14424 0.37507 0.040878 0.92458 -0.60318 -1.8519 0.42923 -0.29116 0.048186
0.8054 -0.46023 0.041851 0.03638 0.099703 0.13991 0.64404 -0.54131 -1.601 0.32804 0.29388 -0.44532
0.94625 -0.88869 0.17877 -0.19781 0.22075 0.084785 0.31944 -0.75327 -1.2556 0.4702 0.74208 -0.96101
1.1011 -1.2782 0.40319 -0.17507 0.28715 -0.070772 0.19737 -0.71544 -0.86242 0.29296 1.0173 -1.334
0.64677 -1.2079 0.24936 0.5234 0.083628 -0.11722 0.071452 -0.44178 -0.67836 0.22533 0.95744 -1.3163
0.72272 -1.6032 0.46755 0.41881 0.24726 -0.44345 0.2734 -0.41704 -0.42821 0.66297 0.59458 -1.5089
0.54414 -1.7764 0.60711 0.65928 0.25962 -0.45231 0.36513 -0.17849 -0.076671 0.82693 0.39234 -1.5021
0.48805 -1.9456 0.69433 0.80286 0.30996 -0.44096 0.46501 0.050395 0.28829 0.80312 0.21195 -1.7216
0.39015 -1.9254 0.77211 0.99103 0.33205 -0.51977 0.48869 0.22463 0.50448 0.74507 -0.05763 -1.8353
           
1.0641 2.1472 0.19855 -1.1282 -2.4817 0.85817 0.57705 -0.38805 -2.6976 1.5635 -0.58552 -2.8032
1.0806 2.0788 0.14056 -1.1307 -2.1509 0.95935 0.89282 -0.37982 -2.6615 0.9646 -0.5633 -2.6551
1.2845 1.6162 0.666 -1.6875 -1.3826 0.66038 1.4635 -0.4662 -2.5101 0.25523 -0.77959 -2.8655
1.5097 1.6294 0.98421 -1.6623 -1.0332 0.34842 0.99838 -0.49814 -2.7228 -0.58141 -0.9479 -2.6149
1.5261 2.0028 0.75107 -1.7022 -1.1423 0.72547 0.38106 -0.81044 -3.2262 -0.29795 -0.95262 -2.5948
0.88541 2.3206 0.17926 -0.80545 -1.7505 1.3196 0.068265 -0.38952 -3.8582 0.075607 -0.8089 -2.4125
1.4452 1.4664 0.8019 -1.3141 -0.85317 0.5701 0.41456 -0.96734 -3.1365 -0.36262 -0.1968 -1.7381
1.5784 1.2599 0.80779 -1.4801 -0.44546 0.53804 0.00054166 -1.2848 -2.9525 -0.36161 0.11337 -0.95106
1.2583 1.0108 0.99788 -1.3518 -0.49843 1.2641 -0.16545 -1.4902 -2.4675 0.18278 0.3803 -0.54664
0.94492 1.171 0.88984 -1.0958 -0.88809 1.6059 -0.12971 -1.4668 -2.575 0.38781 0.94234 -0.80734
0.81159 1.362 0.6594 -0.83805 -1.1277 1.8111 -0.17286 -1.3451 -2.8385 0.63928 1.3485 -1.1685
1.3171 1.005 1.2732 -1.208 -0.48255 1.1236 0.016103 -1.6422 -2.5499 0.74731 1.4152 -1.0528
1.1493 1.0039 1.1808 -0.76658 -0.31776 0.74212 -0.040872 -1.3984 -2.3994 0.59093 1.2607 -0.89017
1.497 0.66581 1.2881 -0.82201 0.014625 0.17156 -0.3269 -1.4203 -2.0791 0.12228 1.1825 -0.89572
1.066 0.89229 0.69076 -0.12735 -0.26541 0.31339 -0.49148 -1.1613 -1.9801 0.1286 0.75756 -1.2902
1.2418 0.4369 1.197 -0.52727 0.033695 -0.14807 -0.91191 -1.3615 -1.4645 0.14149 0.69834 -1.6824
1.6164 0.3658 1.5845 -0.89342 0.39929 -0.43424 -1.611 -1.7251 -1.2312 0.20651 0.48698 -1.6455
1.2362 0.65396 1.0036 -0.42986 0.55614 0.043295 -1.4451 -1.3678 -1.3179 0.3239 0.027679 -1.7601
1.8348 0.073251 1.3543 -0.4518 0.7543 -0.44625 -1.3649 -1.6548 -0.92046 0.3653 -0.16042 -1.6825
           
1.1149 -1.2 0.52878 -1.0279 -1.4589 0.17244 1.9394 0.11542 -0.75278 -0.77371 -0.36517 -2.0042
0.85566 -0.98005 0.43411 -0.65224 -1.3337 0.18362 1.9112 0.23442 -1.1236 -0.93892 -0.41822 -1.4055
0.60222 -0.85323 0.28061 -0.23954 -1.3074 0.23673 1.8899 0.49608 -1.4121 -1.038 -0.37858 -1.1922
0.75002 -1.1937 0.34982 -0.5257 -0.88941 0.51764 1.8967 0.44492 -1.3091 -1.1379 -0.66799 -0.98688
1.1684 -1.5097 0.29014 -0.77651 -0.57889 0.56019 1.8868 0.30074 -1.2563 -1.4488 -0.58844 -0.9105
1.3198 -1.7893 0.10972 -0.61945 -0.45797 0.49873 1.7907 0.24877 -0.98571 -1.8683 -0.42112 -0.88584
1.0267 -1.8441 0.10453 -0.3749 -0.42858 0.6451 1.4861 0.10177 -0.69851 -1.4445 -0.45994 -0.59784
0.99196 -1.9653 0.16751 -0.44969 -0.38895 0.85733 1.2651 -0.33336 -0.55957 -0.77686 -0.14848 -0.79298
0.96745 -2.0579 0.25252 -0.48513 -0.3265 0.74846 1.0458 -0.60722 -0.67548 -0.54533 0.19403 -0.6852
0.9019 -2.1057 0.35195 -0.31848 -0.33159 0.70807 0.88791 -0.72994 -0.66443 -0.56263 0.50819 -0.51355
0.27557 -1.7489 0.23998 0.45279 -0.58567 0.76155 0.60857 -0.55961 -0.74977 -0.56152 0.41367 0.066555
0.085516 -1.769 0.13762 0.65628 -0.61032 0.6232 0.623 -0.4872 -0.76307 -0.37918 0.32305 0.019626
0.30958 -2.2619 0.27213 0.1919 -0.27237 0.5043 0.68982 -0.53035 -0.4493 -0.17048 0.30713 -0.56983
0.29592 -2.2687 0.35627 0.40708 -0.33221 0.24022 0.57545 -0.59254 -0.20718 0.057744 0.28555 -0.73503
0.57693 -2.3869 0.48838 0.33439 -0.29518 -0.065579 0.50083 -0.746 -0.024299 0.2752 0.52733 -1.3098
0.61317 -2.3657 0.51839 0.38797 -0.3346 -0.20674 0.4872 -0.78957 -0.024691 0.33433 0.73856 -1.6164
           
0.83512 -0.73788 0.76785 -0.91545 -1.4305 0.57669 1.8381 -0.31395 -1.2922 -0.039963 -0.47945 -0.96849
0.8003 -0.74131 0.76999 -0.65197 -1.3685 0.51786 1.7765 -0.51128 -1.3996 -0.029124 -0.32727 -0.46872
0.84813 -0.65742 0.79978 -0.58935 -1.2001 0.41972 1.8334 -0.56288 -1.6395 -0.0060639 -0.35301 -0.30724
0.38146 -0.32275 0.5346 0.079605 -1.2396 0.59669 1.55 -0.24717 -1.7464 -0.40846 -0.015278 0.014667
0.76752 -0.5754 0.76979 -0.21975 -0.7539 0.47919 1.27 -0.47161 -1.716 -0.21837 0.28637 0.29647
0.73629 -0.57678 0.80334 -0.082783 -0.62919 0.45127 1.0405 -0.59391 -1.6597 -0.11749 0.70187 0.60669
0.58 -0.61809 0.82946 -0.0097054 -0.48851 0.62773 0.71829 -0.54156 -1.4488 -0.014781 0.89308 0.74899
0.61556 -0.74758 1.0231 -0.12782 -0.23312 0.76878 0.58275 -0.66678 -1.1891 0.3886 0.53002 0.81332
0.57377 -0.82463 1.0578 -0.083835 -0.38004 1.0316 0.75531 -0.8034 -1.1212 0.74318 0.61882 -0.0081692
0.622 -1.1283 1.0993 0.040743 -0.53172 0.96249 0.88064 -0.82998 -0.76981 0.53256 0.97589 -0.90976
0.51951 -1.2194 1.1579 0.31481 -0.59211 0.75917 0.73241 -0.79183 -0.53976 0.40317 0.91495 -1.1616
0.62103 -1.3523 1.3548 0.25826 -0.5344 0.4681 0.51921 -0.91371 -0.35449 0.46426 0.72525 -1.4546
0.42076 -1.2635 1.4341 0.59637 -0.59186 0.30722 0.37139 -0.83684 -0.23974 0.41748 0.3756 -1.3273
0.62919 -1.4276 1.5696 0.49112 -0.51281 0.011433 0.21856 -0.94312 -0.073175 0.37272 0.29266 -1.6614
0.68593 -1.3804 1.5632 0.57855 -0.4822 -0.24757 0.12938 -1.047 -0.020256 0.489 -0.021724 -1.6299
0.26182 -1.2523 1.3117 1.2584 -0.67322 -0.27507 0.19345 -0.88709 0.12013 0.42074 -0.35008 -1.249
           
0.32626 -0.0019599 0.52534 -1.0806 -0.89826 0.53569 1.3149 -0.19973 -1.9904 0.034738 -0.47009 -0.95273
0.43764 -0.17766 0.55709 -0.8808 -0.69411 0.62999 1.5314 -0.30347 -1.947 0.11437 -0.45482 -0.53462
0.37406 -0.18317 0.36162 -0.46723 -0.70235 0.6221 1.4769 -0.27717 -2.0998 0.22367 -0.72872 -0.39094
0.77411 -0.55581 0.44124 -0.48224 -0.57401 0.2313 1.127 -0.56543 -1.9034 0.1095 -0.57524 -0.18662
0.68552 -0.46922 0.61471 -0.27522 -0.65446 0.21681 0.71398 -0.62115 -1.8991 -0.1152 0.031609 0.017392
0.68248 -0.46886 0.8269 -0.28594 -0.54321 0.26946 0.53744 -0.64631 -1.8454 -0.052303 0.49759 0.21466
0.3389 -0.29324 0.74959 0.13765 -0.44571 0.42552 0.36148 -0.42594 -1.6839 0.15471 0.774 0.57142
0.39357 -0.49761 0.94755 -0.21695 -0.011095 0.6585 0.34444 -0.5634 -1.3524 0.474 0.47358 0.71372
0.2377 -0.81273 0.842 -0.42768 -0.24109 1.2644 0.51453 -0.92541 -1.237 1.0278 0.044706 -0.11484
0.089059 -0.83685 0.78755 -0.52551 -0.43896 1.4502 0.32881 -1.0819 -1.2804 0.99012 0.28387 -0.82096
0.14344 -1.069 0.81209 -0.56709 -0.44336 1.2521 0.2465 -1.1628 -1.1334 0.9539 0.25692 -1.12
0.17861 -1.2212 0.84012 -0.50803 -0.40097 1.0312 0.19236 -1.1643 -1.0184 0.90227 0.17369 -1.2068
0.14036 -1.3202 0.84172 -0.38422 -0.35102 0.84727 0.14793 -1.0882 -0.92688 0.88501 0.14892 -1.336
-0.20027 -1.1806 0.75811 0.066144 -0.4838 0.73117 0.069717 -0.92668 -0.91018 0.85449 0.057784 -1.2965
-0.034192 -1.4273 0.94585 -0.0088239 -0.4041 0.52019 0.05656 -0.9325 -0.57375 0.89444 -0.1324 -1.53
-0.071535 -1.4553 1.0935 0.21925 -0.38943 0.23512 -0.10105 -0.87134 -0.28051 1.0042 -0.39836 -1.5676
-0.16077 -1.4119 1.1616 0.39213 -0.34516 0.13371 -0.13126 -0.75437 -0.11939 1.1202 -0.49453 -1.6228
-0.57669 -1.1455 1.2246 0.78171 -0.47221 0.30294 -0.22208 -0.54699 0.035123 1.2993 -0.48916 -1.4709
           
0.48673 -0.61918 0.97763 -0.88066 -1.1894 0.86356 1.2421 -0.66204 -1.7101 -0.43529 -0.3625 -0.090818
0.31512 -0.35959 1.012 -0.57783 -1.1579 0.9719 0.999 -0.53451 -1.8012 -0.43472 0.028889 0.12738
0.41952 -0.72929 1.1101 -0.35943 -0.83637 0.95153 0.65345 -0.3899 -1.1721 -0.63973 0.12934 0.59308
0.55502 -0.86955 1.1477 -0.28181 -0.71312 0.97957 0.45064 -0.55778 -0.89366 -0.51068 0.23369 0.79649
0.75006 -0.93989 1.1342 -0.12133 -0.92131 1.0988 0.61691 -0.87367 -0.89358 -0.3073 0.44223 0.51547
0.77039 -1.191 1.136 -0.37609 -1.0395 1.1324 0.84987 -1.1939 -0.95391 -0.071639 0.95854 -0.388
0.45876 -1.3309 1.093 -0.28812 -1.0807 1.1441 0.66733 -1.1929 -0.76925 -0.12075 0.95647 -0.58076
0.31561 -1.5448 1.1015 -0.32352 -1.037 1.0491 0.44938 -1.1775 -0.58256 -0.22761 1.1674 -0.77259
0.24512 -1.882 0.98776 -0.44955 -0.95629 0.99608 0.44338 -1.1771 -0.41103 -0.12967 1.2282 -1.2188
0.17096 -1.9924 0.90883 -0.34222 -0.91545 0.77716 0.33296 -1.1701 -0.29663 0.084433 1.0523 -1.4521
-8.6762e-05 -1.9475 0.89041 0.07229 -0.95117 0.53832 0.1679 -1.0259 -0.13767 0.061069 0.88259 -1.397
0.022273 -2.1256 1.0457 0.036159 -0.86979 0.427 0.054039 -0.97634 0.15627 0.17853 0.80895 -1.6931
0.05688 -2.2272 1.0846 0.1145 -0.79549 0.4151 0.081121 -0.91019 0.38182 0.23641 0.80122 -1.8367
-0.38271 -1.897 0.97179 0.65348 -0.8554 0.37011 0.027287 -0.61196 0.25619 0.46985 0.56836 -1.4943
           
0.63092 -0.35685 0.73125 -1.3628 -1.9232 0.80151 1.7975 -0.57818 -1.3456 0.65352 -0.36633 -1.6424
0.79898 -0.7983 0.39323 -1.2023 -1.6539 0.67145 1.8869 -0.56549 -1.3594 0.39019 -0.30124 -1.3709
0.66002 -1.001 0.38072 -1.1174 -1.5324 0.70935 1.6564 -0.47199 -1.4166 0.086733 -0.092029 -1.0813
0.22754 -0.75701 0.026079 -0.34069 -1.737 0.70654 1.5399 -0.30886 -1.5485 -0.2318 0.25164 -0.51697
0.7444 -1.2204 0.13268 -0.67245 -1.2214 0.50424 1.5673 -0.51836 -1.4733 0.02119 0.5294 -0.61081
0.83577 -1.2825 0.34084 -0.71458 -0.83017 0.51099 1.0824 -0.73821 -1.2085 0.36586 0.90074 -0.21196
0.82228 -1.3328 0.48337 -0.73492 -0.55527 0.55348 0.7232 -0.85727 -1.0241 0.42613 1.2693 -0.050506
0.78249 -1.4197 0.48414 -0.68545 -0.44264 0.63673 0.50986 -0.99163 -0.91459 0.39377 1.1771 -0.049771
0.70258 -1.4088 0.47927 -0.52184 -0.41905 0.71217 0.31946 -1.1593 -0.83837 0.5544 0.93128 -0.041413
0.51602 -1.2332 0.38933 -0.28986 -0.47483 0.53451 0.28103 -1.2893 -1.1133 0.99874 0.78872 -0.3611
0.47326 -1.2216 0.45824 -0.18449 -0.45836 0.2421 0.26761 -1.3218 -1.156 1.1376 0.71843 -0.66454
0.19759 -0.96154 0.51531 0.31477 -0.49161 -0.0067228 -0.070997 -1.1005 -1.0709 1.0816 0.59402 -0.7582
0.23868 -0.78176 0.55525 0.44881 -0.33712 -0.22941 -0.32413 -1.0161 -1.0067 1.2869 0.58138 -1.0361
0.33226 -0.64402 0.80276 0.42679 -0.24294 -0.32756 -0.18512 -1.1042 -0.88287 1.6498 0.56012 -1.0377
0.53226 -0.59087 1.0463 0.52724 -0.043828 -0.38354 -0.057935 -0.90894 -0.6913 1.7658 0.65527 -1.1299
0.19209 -0.18335 0.75674 1.1165 -0.1138 -0.018927 -0.17691 -0.39171 -0.67005 1.7289 0.61531 -1.102
           
0.2642 0.21855 1.1898 -0.91703 -2.3769 0.28387 1.6011 -0.6999 -1.1003 0.6872 -1.0644 -1.4298
0.44244 -0.14152 1.2302 -0.99494 -2.2447 0.68312 1.5783 -0.64486 -0.98074 0.096551 -0.85362 -1.479
0.41013 -0.27546 1.228 -0.49845 -2.1453 0.92356 1.8211 -0.32766 -0.97108 -0.54688 -0.73566 -1.0096
0.52311 -0.58969 1.2692 -0.67683 -1.7742 0.8373 1.8398 -0.11543 -1.0205 -0.64889 -0.91369 -1.199
0.26683 -0.59671 1.2009 -0.63045 -1.6187 0.83157 1.6545 -0.055703 -1.1941 -0.79943 -1.2016 -1.1124
0.18268 -0.7165 1.2129 -0.51526 -1.5097 0.95215 1.4368 -0.20722 -1.136 -0.98709 -1.3367 -0.72278
-0.017537 -0.56267 1.4035 -0.38032 -1.5462 1.1644 1.3152 -0.31509 -1.3388 -0.91049 -1.3595 -0.11488
-0.16082 -0.621 1.4133 -0.26375 -1.5194 1.3247 1.1057 -0.17446 -1.2855 -0.9547 -1.0045 -0.040097
0.061402 -0.60239 1.6535 -0.18586 -1.391 1.5001 0.9926 -0.29889 -1.1652 -0.6725 -0.30204 0.16038
-0.060216 -0.15442 1.892 0.396 -1.348 1.7826 1.117 -0.26416 -1.2233 0.20635 0.19363 0.56727
-0.43862 0.15727 1.9268 0.85497 -1.2503 1.8327 0.94536 0.20471 -1.1353 0.3305 0.29916 0.45455
0.12901 -0.38926 1.7292 0.026628 -0.38415 0.97916 0.51814 -0.2876 -0.93917 0.17921 0.28098 -0.1269
0.14838 -0.97679 1.2472 0.086034 -0.28169 0.57489 0.49065 -0.28935 -0.8549 -0.13376 -0.0073145 -0.5957
-0.44157 -0.88172 1.4665 0.77491 -0.68081 0.64963 0.34792 -0.26622 -0.64821 0.044013 -0.49596 -0.18301
-0.39418 -1.0258 1.658 0.94404 -0.72765 0.60136 0.19007 -0.30043 -0.32517 0.091544 -0.18716 -0.40184
-0.1627 -1.2032 1.6085 0.99417 -0.59315 0.54391 0.30435 -0.2407 -0.13059 -0.041448 0.3807 -0.86577
-0.18461 -1.189 1.6615 0.93895 -0.41058 0.52985 0.28551 -0.13113 -0.095529 0.20986 0.52298 -1.174
-0.44135 -1.3056 1.6206 1.1136 -0.33319 0.73477 0.35879 0.17145 0.19076 0.44184 0.44502 -1.2308
-0.39384 -1.6745 1.6471 1.2075 -0.12744 0.71709 0.65773 0.48115 0.68106 0.53254 0.2134 -1.2962
           
1.2793 0.5098 1.0464 -0.99643 -1.3165 -0.096335 2.2909 -1.1884 -1.1266 0.57885 -1.4576 -0.19782
1.279 0.36528 0.8937 -0.97797 -1.3218 -0.14722 2.1496 -1.1036 -1.2399 0.016567 -1.2285 -0.16995
1.0215 0.5526 1.1026 -1.2267 -1.1515 0.26072 1.5084 -0.65069 -1.847 -0.17898 -0.24843 -0.28387
1.0139 0.46126 0.96961 -1.0371 -1.1287 0.29581 1.4892 -0.68279 -2.2687 0.19645 0.11019 -0.22391
1.2874 -0.25234 0.87579 -0.77908 -1.0127 0.24007 1.3982 -0.65575 -1.9165 0.03174 0.47132 0.056629
1.4159 -0.78558 0.65001 -0.7452 -0.99719 0.3923 1.2858 -0.92994 -1.451 -0.0053845 0.77331 -0.021599
1.0908 -0.98215 0.41985 -0.43753 -0.94386 0.61738 1.0412 -1.0088 -1.0692 0.088579 0.35337 0.36498
0.81196 -1.2712 0.49107 -0.55697 -1.0046 0.9309 0.90369 -1.1289 -0.93077 0.17048 0.43164 0.13036
0.69075 -1.6467 0.59258 -0.64902 -1.0725 1.1777 0.94605 -1.1906 -0.77916 0.091733 0.77175 -0.13701
0.77272 -2.0666 0.65428 -0.59634 -1.157 1.2519 0.94616 -1.3167 -0.36805 -0.13166 1.2926 -0.31457
0.68863 -2.3367 0.61376 -0.67312 -1.0978 1.1759 0.77841 -1.3973 -0.10008 0.025781 1.5602 -0.58444
0.50519 -2.4223 0.66027 -0.48282 -1.0846 1.0577 0.57472 -1.3951 0.094761 0.2033 1.598 -0.54075
0.36607 -2.3224 0.78128 -0.24699 -1.0748 0.81326 0.37825 -1.3512 0.16811 0.44612 1.6682 -0.59294
0.25376 -2.2637 0.94872 0.0062592 -1.0124 0.83239 0.37058 -1.2081 0.35864 0.62557 1.6102 -0.69896
0.21519 -2.3876 1.0783 0.23101 -0.89554 1.076 0.55126 -1.0003 0.72486 0.56671 1.4759 -0.70581
-0.16656 -2.144 1.0861 0.56074 -0.98394 1.1509 0.45929 -0.76967 0.63394 0.67001 1.1594 -0.6347
-0.16678 -2.2265 1.1627 0.61902 -0.95864 1.0896 0.48411 -0.71156 0.77252 0.52784 1.0652 -0.82143
-0.071472 -2.4491 1.2426 0.56512 -0.87421 0.9967 0.58086 -0.69017 0.96787 0.38845 0.97727 -1.1878
-0.18404 -2.3674 1.2962 0.65595 -0.91118 0.82572 0.46505 -0.63911 0.96846 0.45759 0.71402 -1.3076
-0.77336 -1.9006 1.1396 1.3893 -1.3033 0.85454 0.17596 -0.40866 0.81233 0.66227 0.28151 -0.8855
-0.28693 -2.5169 1.4598 0.72169 -0.79946 0.66902 0.3722 -0.48287 1.274 0.37391 0.2105 -1.778
-0.4378 -2.5642 1.4683 0.86862 -0.76634 0.73116 0.35854 -0.38691 1.3995 0.32984 -0.020815 -1.859
-0.46879 -2.6683 1.5379 0.84578 -0.6959 0.77959 0.32653 -0.34325 1.5391 0.26472 -0.18875 -2.1003
           
1.4609 -0.78993 0.31102 -0.93001 -1.2065 -0.18336 2.0245 0.04909 -0.96706 0.051553 -0.18887 -1.8437
1.3845 -1.035 0.071334 -0.75714 -1.2134 -0.21314 1.9842 0.079083 -0.98625 -0.38391 0.058823 -1.8893
0.86443 -0.70133 -0.21193 -0.10823 -1.4566 0.1199 1.5849 0.28431 -1.1562 -0.5763 -0.11405 -1.3702
1.3289 -1.2698 0.1793 -0.5773 -0.83529 -0.0045212 1.7672 0.12915 -1.0408 -0.58206 0.20225 -1.1413
0.99497 -1.1454 0.17003 -0.26714 -0.66334 0.16637 1.6165 0.37792 -1.1986 -0.70833 0.46812 -0.80655
1.007 -1.3101 0.13084 -0.24413 -0.50475 0.047816 1.2928 0.10521 -1.1615 -0.69299 0.30809 -0.53494
0.97591 -1.346 0.24827 -0.22516 -0.46526 0.17382 1.0911 -0.14328 -1.1901 -0.57251 0.24458 -0.26822
0.93556 -1.3749 0.29225 -0.28181 -0.432 0.24084 1.0293 -0.35718 -1.3425 -0.3138 0.36623 -0.37343
0.72944 -1.3478 0.30347 -0.16445 -0.61488 0.28662 1.0448 -0.5527 -1.5114 -0.059197 0.50876 -0.59355
0.61608 -1.3997 0.23254 -0.045417 -0.70341 0.26895 1.005 -0.67698 -1.4618 0.040387 0.75295 -0.7959
0.57051 -1.5322 0.23364 0.06065 -0.69329 0.2013 0.86558 -0.65029 -1.3165 0.017166 1.0664 -0.96593
0.35418 -1.4994 0.21942 0.37513 -0.7506 0.13446 0.66047 -0.51215 -1.2026 0.065355 1.1443 -0.95916
0.4592 -1.6393 0.33781 0.46735 -0.6272 -0.14637 0.57289 -0.57865 -0.89352 0.32016 1.1697 -1.0751
0.41856 -1.6993 0.34218 0.65397 -0.50261 -0.34448 0.5387 -0.57063 -0.63462 0.64129 0.92315 -1.0745
0.50853 -1.8579 0.42856 0.61605 -0.2973 -0.47282 0.70923 -0.46941 -0.48405 0.89423 0.65969 -1.2441
0.41455 -1.9384 0.55365 0.88693 -0.26891 -0.63796 0.67862 -0.23076 -0.20096 0.83298 0.42499 -1.3279
0.31244 -2.05 0.62521 1.0631 -0.31284 -0.67401 0.59863 -0.2094 0.09725 0.84645 0.41255 -1.4864
           
0.69906 1.1657 1.421 -0.73954 -0.85369 0.23712 1.2051 -0.24474 -2.1956 0.56964 -0.2884 -0.83494
0.66709 0.96241 1.1812 -0.72696 -0.69107 0.098452 1.0047 -0.3534 -2.3136 0.22763 -0.36771 -0.69309
0.61528 0.80257 1.2089 -0.69963 -0.55684 0.081052 0.91285 -0.21415 -2.2982 -0.24242 -0.33253 -0.58309
0.54459 0.79334 1.3246 -0.63404 -0.56334 0.11779 0.69469 -0.10038 -2.3894 -0.58271 -0.14017 -0.56964
0.5333 0.68977 1.118 -0.54999 -0.60211 0.26462 0.68795 -0.2412 -2.5629 -0.3399 -0.0333 -0.583
0.71634 0.59524 1.3589 -0.7133 -0.43165 0.3787 0.54385 -0.41847 -2.4758 -0.26876 0.16679 -0.29109
0.49081 0.74544 1.2393 -0.48929 -0.40432 0.4244 0.50877 -0.13067 -2.5295 -0.47364 0.3747 -0.29801
0.64669 0.50847 1.3557 -0.76752 -0.14713 0.47948 0.46482 -0.18064 -2.3159 -0.57746 0.63814 -0.20429
0.53745 0.46736 1.4173 -0.71904 -0.01657 0.72914 0.35264 -0.18885 -2.2125 -0.55163 0.88652 -0.078998
0.60426 0.50607 1.6604 -0.94861 0.09898 0.94138 0.22379 -0.38737 -2.1472 -0.5028 0.841 -0.091586
0.53198 0.36098 1.5618 -0.98477 0.11083 1.1768 0.14477 -0.51138 -2.0083 -0.35834 0.58737 -0.34823
0.45475 0.26946 1.4424 -1.0238 0.089067 1.4529 0.067881 -0.62536 -1.9402 -0.22101 0.3712 -0.73491
0.36193 0.19482 1.4057 -0.98977 -0.059038 1.5981 0.010251 -0.79073 -1.874 0.065607 0.29852 -1.1304
0.11822 0.21223 1.4366 -0.61325 -0.24997 1.3846 0.019986 -0.71574 -1.8652 0.12883 0.47706 -1.346
0.09374 0.022067 1.5785 -0.38663 -0.2984 0.96437 -0.036818 -0.66379 -1.5952 0.075578 0.57495 -1.5465
0.15955 -0.27727 1.6328 -0.19013 -0.30976 0.60039 -0.11358 -0.60478 -1.2727 0.085088 0.57681 -1.7726
-0.024618 -0.32754 1.6688 0.16988 -0.30052 0.35212 -0.28923 -0.32798 -1.0456 -0.05046 0.6543 -1.8124
-0.63494 -0.088616 1.5699 0.98476 -0.58046 0.37128 -0.4969 0.11363 -0.86343 0.23931 0.5341 -1.8431
           
0.67865 0.25801 0.41499 -1.5389 -1.7031 0.96775 1.5642 -0.57939 -1.3049 0.9865 -1.2404 -2.0649
0.58244 0.0078571 0.25051 -1.1003 -1.3587 0.72389 2.0342 -0.35416 -1.4477 0.56265 -1.097 -1.5948
0.41197 -0.11646 0.18582 -0.81775 -1.2574 0.80506 1.9085 -0.24018 -1.5494 0.43486 -0.96389 -1.1786
0.69667 -0.24269 0.36313 -0.83455 -1.1061 0.62672 1.9224 -0.49251 -1.8164 0.37302 -0.5871 -0.91725
0.95767 -0.11649 0.61615 -0.79765 -0.9057 0.35507 1.6918 -0.72935 -2.1989 0.49432 -0.23097 -0.51981
1.2337 0.30636 0.98151 -0.81571 -0.50045 0.081293 0.99361 -1.016 -2.2015 0.21207 -0.29539 0.39708
1.1555 0.97798 1.0464 -0.94731 -0.25116 0.47909 0.20869 -0.90449 -2.3748 -0.094847 0.069567 0.092446
0.76204 0.54122 0.47949 -0.41774 -0.5855 1.3721 0.010582 -0.95555 -1.8426 0.63872 -0.17495 0.016853
0.95573 -0.23873 0.63805 -0.39134 -0.3744 0.98296 0.52928 -1.1394 -1.3828 0.73799 -0.15557 0.2226
1.1491 -0.86959 0.78152 -0.50824 -0.4398 0.82937 1.0194 -1.1482 -1.2782 0.87669 0.63502 -0.5192
1.094 -1.1085 0.86639 -0.33538 -0.50816 0.7636 1.1012 -1.1527 -1.0874 0.74012 0.96502 -0.91061
1.1463 -1.2266 0.87209 -0.24171 -0.32126 0.49246 0.97329 -1.135 -0.96033 0.7117 0.80384 -1.1364
0.82914 -1.1177 0.66871 0.44209 -0.57629 0.49743 0.72942 -1.2296 -0.61458 0.48891 0.55533 -0.77914
0.80367 -1.6502 0.92462 0.39811 -0.59924 0.4604 0.61255 -1.2384 -0.10263 0.40552 0.62891 -1.126
0.45078 -1.6867 0.99243 0.56167 -0.65298 0.46386 0.52129 -1.0722 -0.042956 0.51424 0.69329 -1.069
0.24431 -1.6924 0.90841 0.80916 -0.75518 0.61814 0.50717 -0.97332 0.10034 0.62176 0.82996 -0.93248
           
0.12697 0.28194 0.71208 -1.1964 -1.5694 0.45002 1.6104 0.053334 -0.89518 0.059336 -0.24063 -1.4673
0.53408 -0.24044 -0.022509 -1.0522 -0.8788 0.49637 1.8427 0.7426 -1.4308 -0.54372 -0.60659 -1.803
0.73644 -0.057744 0.40704 -1.0474 -0.61482 0.51499 1.6495 0.79935 -1.3822 -1.1011 -1.1732 -1.6206
1.0133 0.20415 0.79148 -0.80278 -0.69248 0.31866 1.3745 0.42053 -1.5267 -1.24 -1.1567 -1.2675
1.2127 0.6027 0.73682 -0.40014 -0.46912 -0.11276 1.0484 0.11228 -2.1892 -1.2759 -0.48528 -0.55614
1.3035 0.31383 0.37636 -0.32596 -0.42898 -0.22851 1.0476 -0.12108 -2.3508 -1.0208 -0.11361 -0.44739
1.1985 0.022721 0.33653 -0.047553 -0.26779 -0.33885 1.0537 0.099842 -2.2481 -0.90807 0.26411 -0.1366
0.76066 -0.20338 0.14229 0.41597 -0.34487 0.045188 0.86909 0.27685 -1.8648 -0.62485 0.30057 0.11947
1.2001 -0.55729 0.1186 0.26409 -0.058992 0.22744 0.91537 -0.24315 -1.48 -0.28151 0.23996 0.059863
1.4724 -0.7699 0.33508 -0.061565 -0.047701 0.1367 0.78989 -1.0453 -1.3859 0.24336 0.11854 -0.1435
0.94313 -0.72018 0.28718 0.08705 -0.32138 0.64748 0.35039 -1.1519 -1.1144 0.33412 0.21149 -0.44577
1.015 -1.0395 0.64251 -0.3079 -0.26367 0.53158 0.069314 -1.3482 -0.79887 0.25675 0.6548 -1.038
0.69007 -1.2535 0.89493 -0.22467 -0.39259 0.55463 -0.075438 -1.2493 -0.52303 0.25146 0.88316 -1.3625
0.49495 -1.5745 0.96961 0.03121 -0.47166 0.50261 -0.028838 -1.0564 -0.1255 0.16303 1.034 -1.7339
0.45595 -1.8321 1.0124 0.13938 -0.27243 0.20555 0.10734 -0.75076 0.17959 0.52936 0.68084 -2.2386
-0.22573 -1.8374 1.2199 0.49231 -0.21577 0.59183 0.29187 -0.16949 0.6106 1.0157 0.18049 -2.1166
-0.68409 -1.8258 1.2831 0.81121 -0.18211 0.84288 0.43628 0.28136 0.85147 1.1724 -0.097754 -2.1001
-0.51175 -2.1969 1.1705 0.61053 0.029076 0.92916 0.46473 0.34977 1.2167 0.87603 -0.22907 -2.6557
           
0.61152 -0.47814 0.42144 -0.52162 -2.1339 -0.14945 1.8223 -0.35388 -0.70791 -0.098259 -0.76703 -1.1943
0.84107 -0.53891 0.5236 -0.58091 -1.759 -0.11571 1.7679 -0.22821 -0.87604 -0.31041 -0.72989 -1.0362
1.29 -0.62073 0.71018 -0.81568 -1.1937 -0.22244 1.7498 -0.25056 -1.1947 -0.29435 -0.92895 -0.6859
1.209 -0.54413 0.6248 -0.53201 -0.93645 -0.15748 1.7818 -0.28026 -1.2723 -0.43018 -1.1001 -0.24147
1.3134 -0.57783 0.44265 -0.3903 -0.6478 -0.36261 1.6512 -0.383 -1.5644 -0.46788 -0.8478 -0.10186
1.1074 -0.54914 0.38643 -0.10296 -0.61873 -0.34767 1.4296 -0.4223 -1.5728 -0.68642 -0.63893 0.20118
1.3597 -0.85756 0.5428 -0.44647 -0.57497 -0.16423 1.2859 -0.67919 -1.6123 -0.55359 -0.40939 0.045402
1.3893 -0.91206 0.60079 -0.37168 -0.58436 0.057965 1.0312 -0.83212 -1.4747 -0.59402 0.21184 -0.026083
1.1931 -0.82119 0.71246 -0.17931 -0.35815 0.32725 0.70184 -0.87112 -1.2003 -0.26924 0.19265 0.37089
0.90485 -0.76829 0.64955 0.17888 -0.45721 0.68294 0.70861 -1.0397 -0.88864 0.16273 -0.13227 0.43406
0.71657 -0.77553 0.66038 0.34792 -0.57673 0.82052 0.63277 -1.0478 -0.793 0.24877 -0.021676 -0.093824
0.92062 -1.1011 0.89335 0.10207 -0.4425 0.35636 0.6666 -1.1476 -0.65067 0.22898 0.32322 -0.68388
0.94446 -1.4793 0.96463 0.14061 -0.47105 0.13648 0.50747 -1.1141 -0.29978 0.12251 0.53435 -1.377
0.34675 -1.3833 1.0166 0.52457 -0.54196 0.028299 0.077941 -0.99797 -0.12549 0.44948 0.21974 -1.5308
0.3354 -1.7426 1.181 0.21862 -0.40895 0.099611 -0.047739 -1.0492 0.16726 0.77005 0.070702 -1.8708
