1.8219 1.1642 0.43701 0.47376 -1.3351 0.080188 -1.4205 -0.084678 0.60218 -1.0436 -2.2283 -0.2887
2.0105 1.1098 0.46358 0.11182 -0.97977 -0.10865 -1.539 -0.65472 0.92814 -0.99374 -2.4509 -0.33479
2.1987 0.95816 0.54783 -0.16744 -0.54987 -0.21071 -1.7733 -0.53896 1.0373 -1.326 -2.2273 -0.61414
1.665 1.0901 0.37283 0.26438 -0.81731 -0.3386 -2.1315 -0.50158 0.84581 -1.317 -2.1461 -0.26534
1.6736 0.89636 0.20016 0.24315 -0.82578 0.061885 -1.7945 -0.37359 0.63254 -1.5019 -2.3203 -0.24834
1.3935 0.90466 -0.018161 0.38873 -1.2008 0.98528 -1.7478 0.038339 0.22346 -1.3582 -2.4262 -0.33441
1.2996 0.8462 -0.26913 0.40944 -1.1336 1.0057 -1.9007 0.14452 0.0095804 -1.3172 -2.2538 -0.5358
1.2032 0.96622 -0.49 0.77295 -1.4512 1.3909 -2.2543 0.3403 -0.44577 -0.92725 -2.2045 -0.34345
1.0793 1.0039 -0.30333 0.93488 -1.6418 1.5696 -2.2328 0.15723 -0.63646 -0.87867 -1.825 0.26965
1.1759 0.50813 -0.39786 0.83641 -1.1534 1.5745 -2.2097 0.14636 -0.33303 -0.80822 -1.665 0.022557
0.93822 0.4679 -0.66165 1.0554 -1.0489 1.7861 -2.2317 0.19168 -0.56885 -0.45697 -1.7202 0.18236
0.61398 0.73562 -0.96661 1.3557 -1.0804 1.9207 -2.4175 0.18233 -0.92102 -0.46508 -1.5562 0.57236
0.55988 0.55269 -0.98602 1.2249 -0.73024 1.6718 -1.9252 -0.078971 -0.78281 -0.65145 -1.3498 0.37318
0.38857 0.46548 -1.1301 1.4292 -0.78348 1.5024 -1.8751 -0.24995 -0.48776 -0.57009 -1.3964 0.053097
0.32156 0.44574 -1.5435 1.6765 -0.69728 1.3102 -2.1088 -0.097972 -0.63438 -0.23596 -1.7043 -0.61264
0.30348 0.62638 -1.5961 1.7301 -0.57273 1.2194 -2.5035 0.4382 -1.2596 -0.099442 -1.5829 -0.97213
0.35506 0.73206 -1.2583 1.9188 -0.65408 0.97528 -2.8629 0.98222 -1.5887 -0.25505 -1.2905 -1.2182
0.59501 0.57579 -0.90218 1.7974 -0.41911 0.51248 -2.6369 0.91869 -1.4295 -0.44751 -1.1051 -1.6842
0.59262 0.42772 -0.76684 1.8683 -0.3272 0.17418 -2.7474 1.0116 -1.2266 -0.7298 -1.1444 -1.9998
0.62835 0.35235 -0.73904 2.1405 -0.21374 -0.14002 -2.703 1.2532 -1.2639 -0.90957 -1.2983 -1.9934
           
0.80659 2.1035 2.1076 0.466 -1.4241 -1.5998 0.27264 0.086538 0.66339 0.010219 1.8881 0.61103
0.91345 1.9711 2.23 0.090593 -0.82961 -1.8175 0.01759 0.29845 0.4755 -0.15914 1.8663 0.56169
1.0601 1.6905 2.0332 0.046144 -0.48129 -1.5888 0.40334 0.28864 0.21461 0.36488 1.0099 0.79258
1.1353 1.2702 1.9137 -0.2608 -0.66134 -0.20613 0.40889 0.47784 0.37038 0.017394 0.35778 0.091833
1.1943 0.89315 1.7627 0.34308 -0.8846 -0.52028 0.70739 0.81182 0.60073 -0.39324 -0.14946 0.32476
0.98449 0.63702 1.3923 0.82114 -1.3271 -0.14586 0.74659 1.2942 0.38661 -0.67666 -0.15335 0.003356
1.7221 0.0054922 1.4638 0.080283 -0.57462 -0.18141 1.1181 0.46535 0.26161 -0.30112 -0.77135 -0.25349
1.6667 0.061217 0.57546 0.33387 -0.076926 -0.41305 1.5821 0.25353 0.12128 -0.063308 -2.3194 -0.32715
1.1746 0.66003 -0.54322 1.5237 -0.84267 0.13949 1.1093 0.89464 -0.55463 -0.69931 -2.0365 -0.61338
2.469 -0.32589 0.1769 0.66184 0.52237 -1.0744 1.2169 0.1449 -0.14638 -0.98824 -1.9627 -0.20161
1.5623 0.20244 -0.58797 1.3802 0.13274 -0.26983 0.65266 0.52911 -0.60726 -0.71508 -2.0634 -0.21194
1.4588 0.40087 -0.64385 1.3093 0.21446 0.082887 0.036475 0.88016 -1.1898 -0.21663 -1.6474 -0.5635
1.6339 0.34774 0.10958 0.4981 0.64479 0.0099031 0.32066 -0.07686 -0.97933 0.25972 -1.1572 -0.074072
1.5639 0.34314 0.47323 0.2394 0.54655 0.26122 0.67357 -0.60948 -0.96827 0.74132 -0.9964 0.38106
1.6589 0.14227 0.53785 0.45802 0.43751 0.1141 1.2527 -0.79419 -0.95691 0.93062 -0.9382 0.52263
1.9054 -0.16422 0.75244 0.75131 0.78443 -0.58402 1.3247 -1.0381 -0.3777 0.56137 -1.5449 1.642
1.9721 -0.037328 0.89883 0.8103 1.0743 -0.77871 1.1321 -0.94275 -0.31097 0.2534 -1.6541 2.0763
1.8888 0.021285 1.1339 0.50575 1.1056 -0.26542 0.84093 -0.36781 -0.79903 0.66862 -1.4958 1.3704
1.622 -0.033277 0.8317 0.656 0.83011 0.11156 0.8881 -0.1036 -0.74228 0.5787 -1.4909 0.56107
1.6383 0.046321 0.66344 0.82024 0.60424 0.37264 0.94365 -0.35221 -0.35426 0.34801 -1.8998 0.42136
1.7133 0.23152 1.0308 0.032155 0.79678 0.62574 0.43036 -1.5887 0.30635 0.94232 -2.3554 0.9684
1.66 0.22278 1.2047 0.22492 0.93032 -0.16715 0.15558 -2.236 0.84317 1.2003 -1.6228 1.167
1.4159 -0.0096784 1.4596 1.0718 0.59998 -0.67753 0.17402 -2.033 1.2652 0.84925 -1.5282 1.1848
1.2189 0.03814 1.8088 1.5135 0.50171 -1.2134 0.083856 -1.7723 1.4204 0.13374 -1.6624 1.3734
1.0151 0.16213 1.8765 2.1171 0.17657 -1.8278 -0.27326 -1.4671 1.4743 -0.70094 -1.5988 1.0532
1.0784 0.3576 1.6496 2.3818 0.13278 -2.0917 -0.51019 -1.64 1.3705 -1.0726 -1.2634 0.65035
           
1.1868 2.5026 2.0891 -0.12537 -2.0163 -2.1646 -1.0342 -1.445 0.853 -0.44104 2.3011 1.1002
0.86244 2.2095 2.0751 0.11331 -1.9185 -2.3829 -0.31208 -1.3077 1.1336 -0.49056 2.4228 1.2227
0.83581 2.263 2.0169 0.40456 -2.7602 -1.5025 -1.0595 -0.50464 0.36102 -0.035169 2.5707 1.0484
1.3753 1.7209 2.3916 -0.3589 -1.879 -1.4181 -1.0436 -0.43277 0.63009 0.027186 2.1692 0.9105
1.5003 1.4196 1.899 0.033508 -1.4956 -1.2338 -0.97079 -0.20372 1.0186 0.024819 0.96644 1.2676
0.79248 1.7809 0.82181 1.3761 -2.5042 -0.39994 -1.4973 0.3662 0.38747 0.15133 0.1847 1.4368
1.3333 1.0665 1.1107 0.58219 -1.488 -0.79964 -1.015 -0.28117 0.85535 -0.13973 0.004993 1.3712
1.6122 0.64965 1.1848 0.44185 -0.99105 -0.61078 -0.32237 0.10206 0.75053 -1.1461 -0.16504 1.4184
1.9459 -0.0040878 1.0054 0.32181 -0.71908 0.13139 0.35038 0.67571 0.74594 -2.2308 -0.69146 0.76618
2.5337 -0.84443 1.0751 -0.19889 -0.084873 0.2134 0.66609 0.4081 1.1521 -2.7066 -1.276 -0.010861
2.1787 -1.1369 0.93512 0.31451 -0.046577 0.45872 0.29378 0.41205 1.4224 -2.6361 -1.5581 0.44583
2.5043 -1.3427 1.2247 0.15689 0.45725 0.22143 -0.24379 -0.21955 1.6205 -2.67 -0.95148 0.88088
1.3541 0.040331 0.10301 1.4111 -0.43152 1.2017 -1.6266 0.19426 0.14063 -1.5657 -1.1444 1.549
2.2026 -0.67916 0.83079 0.32861 0.9291 0.61691 -0.81033 -0.76637 0.69069 -1.4358 -0.43312 1.075
1.6021 -0.090268 0.37548 0.81587 0.84738 0.8083 -0.63968 -0.055 -0.27906 -1.4827 -0.27555 0.75536
0.49718 0.74513 -0.087323 1.7397 -0.21034 1.8617 -1.3187 0.39261 -0.79784 -1.1582 -0.72744 1.2267
0.47403 0.67033 -0.031373 1.5973 -0.35439 2.3835 -1.8462 0.38523 -0.60021 -0.47106 -0.4785 0.66372
0.90247 0.16376 0.24666 1.701 -0.046741 2.0247 -1.632 0.35991 0.040444 -0.40965 0.010608 0.49875
1.25 -0.47488 0.58419 1.7392 0.43541 1.4765 -0.87513 0.32562 0.7283 -0.73267 0.098731 0.63295
1.2899 -0.31759 0.77433 1.52 0.59953 1.5147 -0.86157 0.15352 0.84695 -0.65149 0.20974 0.52173
1.6787 -0.68814 1.2347 1.1034 1.1637 0.96214 -0.49994 -0.013344 1.2874 -1.0358 0.65749 0.23785
1.5764 -0.76485 1.0328 1.2778 1.1144 0.92195 -0.23748 0.28158 1.0898 -0.92527 0.93606 -0.30917
           
0.39445 1.9249 0.71889 1.8468 -2.5003 -3.4686 0.67854 -0.34703 0.39915 1.7933 1.8373 1.4892
0.5947 1.567 1.2681 1.5868 -2.2141 -3.6779 1.0374 -0.3474 0.6279 1.8017 1.6731 1.7465
0.63466 1.4032 1.7225 1.1326 -2.0963 -3.0948 1.1514 -0.37189 0.81268 1.5341 1.0451 1.6846
1.1448 0.56089 1.2174 1.0061 -1.6348 -2.9018 2.0469 -0.2104 0.83681 0.63303 0.30366 0.82496
1.1447 0.169 0.35388 1.4849 -1.917 -2.3645 2.4582 0.12984 0.64759 -0.54881 -0.085382 -0.23274
0.90425 0.19849 0.40097 1.3959 -2.3336 -1.0578 1.5785 0.19954 0.48102 -0.99768 -1.3466 0.050091
1.0151 0.091156 0.75162 0.9064 -2.0865 -0.35377 1.1983 0.24417 0.409 -1.5524 -1.897 0.33019
0.91425 -0.25566 0.87674 0.64057 -1.8662 0.038955 0.80924 0.30134 0.47366 -1.6038 -2.1476 0.34814
0.94494 -0.65169 1.1693 0.85344 -1.8491 0.32085 0.33878 0.47544 0.78435 -1.7885 -2.0831 0.54746
1.0993 -0.68067 1.1327 1.0383 -1.7558 0.47351 0.063102 0.41569 0.84089 -1.8819 -1.9079 0.70528
1.0829 -0.46305 1.0164 1.0622 -1.9276 0.76197 -0.56765 0.016003 0.81436 -1.163 -1.8863 0.56288
1.1075 -0.36568 1.0285 1.2089 -1.8697 0.91432 -1.1005 -0.18846 0.86851 -0.62896 -1.8391 0.32652
1.4599 -0.50236 1.1515 0.67693 -0.78337 0.1888 -0.86442 -0.45448 0.73182 -0.91637 -0.35072 -0.2721
1.556 -0.75376 1.6743 0.34016 -0.35639 0.20169 -0.76794 -0.79244 1.0483 -0.94705 0.41562 -0.37276
1.7286 -0.95877 2.1735 -0.095947 -0.21694 0.31558 -0.85862 -1.2359 1.3791 -1.0135 0.49778 -0.68284
1.4341 -0.75459 2.2454 -0.026756 -0.30744 0.016116 -0.92805 -1.0841 0.97108 -1.1596 1.036 -1.1373
1.129 -0.80676 2.0374 0.42705 -0.21905 -0.24051 -0.87769 -0.62917 0.84109 -1.5013 1.2529 -1.3058
0.88099 -0.74717 1.8563 0.58419 -0.091531 0.0084724 -0.79769 -0.40975 0.5803 -1.5148 1.3094 -1.2018
0.48738 -0.42899 1.2616 1.3658 -0.21174 0.18711 -0.82729 0.20125 -0.0037035 -1.4247 1.035 -1.0012
1.0084 -0.93104 1.8063 0.88161 0.3153 -0.51418 -0.6825 -0.061174 0.43159 -1.6629 0.86636 -1.1949
           
1.5063 0.92305 0.79839 0.2741 -1.5836 -2.2511 -1.0423 0.77708 1.1138 1.019 1.5447 1.024
1.718 0.6076 1.0704 -0.31464 -1.0509 -2.3745 -0.6626 0.044178 1.5323 0.947 0.67081 1.2805
1.45 0.69517 1.0422 -0.2818 -0.88252 -2.3577 -0.60324 -0.29504 1.7941 0.73192 0.052549 1.5088
1.3196 0.71872 1.1268 -0.36773 -0.73457 -2.1006 -1.0178 0.097266 1.4259 0.43181 0.29451 1.2296
1.7062 0.48869 1.2721 -0.55461 -0.40917 -2.4382 -0.69534 -0.40366 1.1086 0.12272 -0.40215 1.7452
1.8183 0.38236 0.92144 -0.20814 -0.16153 -2.879 -0.074507 -0.81187 0.63477 -0.031166 -0.86571 2.2222
1.5485 0.51614 0.0036643 0.83624 -0.48197 -2.8815 0.22884 -0.19682 0.058262 -0.37496 -0.41246 1.448
1.5351 0.78823 -0.26906 0.95946 -0.59762 -2.1943 -0.92442 0.12497 -0.73504 -0.015896 -0.35873 0.69158
1.3995 0.6428 -0.13512 1.2008 -0.59745 -1.6703 -1.2183 0.48944 -0.73612 0.26245 -1.0271 -0.03688
2.1612 -0.16866 0.045846 0.57541 0.5821 -2.2759 -0.50972 -0.60738 -0.18151 0.23967 -2.0632 0.1149
2.0218 -0.25453 0.429 0.12616 0.69714 -1.5048 -0.71597 -1.2103 -0.0016903 0.51955 -2.9828 0.32841
1.9195 -0.34997 0.58747 0.39212 0.4899 -1.5718 -1.044 -1.3632 0.12885 0.56121 -2.5232 0.12912
1.7549 -0.45565 -0.031463 1.096 0.26649 -1.5462 -0.57954 -1.2213 0.057203 0.14005 -1.9385 0.14276
1.7589 -0.41761 -0.5036 1.6998 0.74172 -1.8684 -0.070579 -0.51149 -0.46795 0.012995 -1.2933 0.1604
1.5204 -0.23955 -0.35252 1.8965 0.45047 -1.1363 -0.16467 -0.4678 -0.44614 0.048461 -0.84029 0.56152
1.3393 -0.40358 0.13211 1.5865 0.17747 -0.35699 -0.23642 -0.86884 0.08134 0.26283 -1.0393 0.97424
1.1947 -0.39917 0.33106 1.5373 0.18096 -0.058045 -0.52167 -0.57772 0.28837 0.12818 -0.90231 0.72661
1.0498 -0.64873 0.62465 1.4321 0.026944 0.61802 -0.994 -0.1478 0.67084 -0.31036 -0.23933 0.21755
0.82664 -0.69444 0.87635 1.4355 -0.014517 0.78433 -1.2695 0.015596 0.90031 -0.6627 0.13366 -0.015694
0.59286 -0.38882 0.94388 1.9094 -0.044091 0.27709 -1.3806 0.36964 0.70544 -1.0471 0.1001 0.22122
0.67469 -0.46621 1.1612 2.0993 0.17764 -0.40031 -0.93893 0.30066 0.79548 -1.0575 -0.20333 0.27627
           
0.72542 2.6668 0.63315 1.3124 -2.3424 -2.2466 -0.4615 -0.25253 -0.97597 0.23026 1.639 0.56063
1.2787 2.2284 0.51593 1.1232 -2.1004 -2.5367 0.42878 -0.36542 -0.38698 0.63151 1.1031 0.22469
1.2254 1.7843 0.9215 1.0112 -2.6077 -1.7381 0.30048 -0.27098 0.23979 0.056815 0.93018 0.36143
1.1368 1.6677 1.4644 0.10661 -2.0576 -1.3366 0.72131 -0.77984 0.60621 -0.53107 1.0697 0.55813
0.82025 1.635 1.612 -0.67335 -1.7576 -0.59365 1.1897 -0.91536 0.32926 0.0006172 0.53009 0.060889
0.62535 1.7142 0.72746 0.23325 -2.2771 -0.20347 0.40202 -0.52364 -0.20583 -0.69263 0.44321 -0.0065486
0.73316 1.8848 0.19166 1.2375 -2.609 -0.19906 -0.88423 0.004012 -0.97359 -1.287 0.58409 0.91475
0.96139 1.7696 0.11522 1.1571 -2.2411 -0.22627 -1.9256 0.14855 -1.1111 -1.3471 0.42284 1.2035
1.2283 1.1735 0.10134 0.83888 -1.797 0.20574 -1.9829 0.015139 -0.80119 -1.1495 0.066338 1.2147
1.596 0.46407 0.0041549 0.71031 -1.2611 0.5534 -1.078 -0.12078 -0.59512 -1.246 -0.5636 1.3692
1.6743 -0.028307 -0.27799 1.4745 -1.2739 0.63321 -0.72486 0.25748 -0.67804 -0.92497 -0.65659 1.8301
1.9023 -0.25922 0.23613 1.1666 -0.27126 -1.042 -0.35413 -0.53886 -0.44923 -0.40619 0.45529 1.5727
1.5182 0.029739 -0.045078 1.4956 0.028315 -1.6373 -0.71359 -0.79197 -0.41312 0.032156 0.33992 1.5421
1.4065 0.14259 -0.33153 1.4509 -0.1007 -1.0753 -0.93671 -0.98975 -0.54491 0.17078 0.20776 1.0848
2.1748 -0.28865 0.40513 0.71449 0.30389 -1.4143 -0.67116 -1.7126 -0.4633 0.024671 -0.12724 0.84385
1.3537 0.010027 -0.1503 1.8827 -0.52076 -1.0597 -0.96534 -0.99482 -0.6296 -0.32035 -0.44168 0.44535
1.5384 -0.25978 0.36357 1.6354 -0.40853 -1.241 -0.95638 -1.1331 -0.38907 -0.54742 -0.19281 0.51738
1.5309 -0.23188 0.99444 1.481 -0.45798 -1.0611 -1.0494 -1.4873 -0.072965 -0.44389 -0.022899 0.90211
1.2244 -0.22776 0.23832 2.1081 -0.60666 -0.66428 -1.0521 -0.85065 -0.2851 -0.034288 -0.16973 0.44999
1.0869 -0.40242 0.66058 2.1583 -0.20468 -0.96975 -0.8146 -0.4839 0.045184 -0.16887 -0.041028 0.42501
0.79532 -0.077798 1.1258 2.2987 -0.36813 -0.68217 -0.80051 -0.55995 0.32079 -0.11531 -0.2473 0.8733
1.1109 0.12023 1.2393 2.4223 -0.24583 -0.77818 -0.52456 -0.80867 0.33914 -0.091748 -0.2332 1.1031
1.6162 0.0045104 1.5983 1.9424 0.25302 -0.91683 -0.70313 -0.86983 0.491 -0.21156 0.064403 0.84676
           
0.93133 1.3919 1.8024 -0.51515 -0.41694 -0.7518 0.68903 1.2268 -0.38159 -0.02948 0.144 0.49968
0.88686 1.4516 1.4273 -0.49933 -0.65649 -0.60483 1.0275 0.64864 -0.65893 0.11654 0.019607 0.39307
1.1577 1.2786 1.4392 -0.89755 -0.51063 -0.66378 0.85831 -0.046084 -0.72936 0.58997 -0.54486 0.74756
1.1623 1.2667 1.3104 -0.62928 -0.45101 -0.82283 0.40325 -0.096459 -0.6088 0.33997 -0.19367 0.925
1.3134 1.5389 1.5754 -1.1558 -0.47208 -0.58884 -0.030517 -0.68572 -0.92045 -0.18829 0.43367 0.63713
1.5162 1.8023 1.4668 -1.3018 0.083488 -1.3647 -0.59389 -0.86612 -1.6635 -0.52635 0.495 0.62831
1.3782 1.7199 1.431 -0.79638 0.13279 -1.7178 -0.8586 -1.221 -1.4059 -0.58275 0.58726 1.0981
1.2948 1.3989 1.3888 -0.46493 0.42982 -1.774 -0.88881 -1.3391 -0.75328 -0.51393 -0.13502 1.6393
1.5659 1.3658 1.1308 -0.16402 0.67345 -2.116 -1.1863 -1.2555 -0.99615 -1.2544 0.22427 1.6657
1.8769 1.2666 1.7571 -0.5406 0.73638 -1.6543 -1.5919 -1.2267 -1.2054 -1.3071 0.36391 1.6637
1.1493 1.3802 1.5492 -0.104 0.5804 -1.1002 -1.2192 -0.6847 -0.69882 -1.5348 0.42549 1.2916
0.74032 1.1956 1.4718 0.43836 0.31091 -0.75643 -1.145 -0.51529 -0.33199 -1.7184 0.77065 1.5839
1.2348 0.9199 1.6628 0.18904 0.65626 -0.92259 -1.5052 -1.1267 -0.13884 -1.3702 1.2199 1.651
1.3925 0.96003 1.4607 0.27179 0.82168 -1.2707 -1.7168 -1.4671 -0.033355 -1.282 1.0431 1.2291
1.3711 0.74838 1.8053 0.27725 1.0715 -1.6272 -1.7685 -1.3962 0.18074 -1.198 0.74829 1.0929
0.88537 0.72385 1.8843 0.25505 1.0529 -1.2917 -1.0916 -1.1857 -0.033168 -0.9446 0.97277 1.0841
0.75739 0.57079 2.0142 0.19251 0.96127 -0.7664 -1.0063 -1.2304 -0.0039345 -0.52096 1.0411 0.98579
0.38502 0.78357 2.0179 0.15644 0.46795 0.14191 -1.1653 -1.5127 0.12576 -0.34528 0.98095 0.12083
0.31699 0.88928 2.0979 0.30554 0.35014 -0.13818 -1.2941 -1.3762 0.051369 -0.92647 1.1117 -0.53761
0.19483 0.82344 2.2557 0.55326 0.32873 -0.33673 -1.293 -0.89581 0.02186 -1.3917 0.82423 -0.69772
0.32785 0.63573 2.4682 0.49531 0.29539 -0.20168 -1.5491 -0.66851 0.10755 -1.5423 0.84351 -1.1451
-0.015408 0.78709 2.2641 1.0764 -0.11891 0.34868 -1.4948 -0.16103 0.026799 -1.4697 0.76437 -1.2425
           
1.9661 1.3371 1.7496 -2.0187 -0.23361 -1.3701 -2.0831 0.097252 0.71399 0.2883 0.84638 -1.3916
1.9397 1.0066 1.373 -1.5755 -0.26698 -1.4671 -1.8433 0.29484 0.81502 -0.009253 0.1482 -1.5155
2.1729 0.83857 1.5387 -1.8589 0.20888 -1.7669 -2.1711 0.2393 0.71307 -0.82198 -0.24555 -1.6069
2.0278 0.91501 1.7658 -1.7589 0.40191 -1.6337 -2.1493 0.37646 0.45054 -1.4279 -0.4253 -1.3158
2.0805 0.88575 1.6617 -1.791 0.67475 -1.4187 -2.1535 0.10052 0.16704 -1.7282 -0.66768 -1.0813
2.1226 0.82415 1.5632 -1.519 0.67029 -1.7417 -2.6637 -0.33688 0.076456 -1.8058 -0.38637 -0.85163
1.7936 0.72814 1.1678 -0.79646 0.47843 -1.4811 -2.3561 -0.28161 0.098116 -1.9133 -0.37996 -0.43164
1.6599 0.65722 1.0252 -0.75885 0.58521 -1.011 -2.0087 -0.21141 -0.0005888 -2.0107 -0.49337 -0.27166
1.6015 0.62058 0.86714 -0.6537 0.58543 -0.34354 -1.592 -0.35321 -0.2451 -1.8005 -0.43465 0.080765
1.7075 0.42329 0.63381 -0.679 0.69832 0.14634 -1.5084 -0.47801 -0.36115 -1.6731 -0.2136 0.061338
1.8192 0.18129 0.32961 -0.48677 0.69473 0.32974 -1.3771 -0.31947 -0.54928 -1.5562 0.11954 -0.18043
1.6407 0.19866 0.001025 -0.38319 0.73483 0.57291 -1.3024 -0.14043 -0.95878 -1.0189 0.39279 -0.46788
1.6131 0.1027 0.53754 -0.67393 0.95713 0.57824 -1.264 -0.14918 -0.80902 -1.1595 0.87226 -0.50506
1.4573 0.028782 0.45976 -0.06125 0.80169 0.36209 -1.259 0.23642 -0.6904 -1.3084 0.67287 -0.66233
1.4129 -0.011175 0.42326 0.32608 0.76064 0.026806 -1.4636 0.16524 -0.37128 -1.0899 0.1319 -0.80766
1.2435 0.41933 0.81033 0.62976 0.55066 -0.45987 -1.8261 0.025259 -0.25235 -1.3765 0.28278 -0.41939
1.0873 0.65503 1.1009 1.3712 0.24788 -1.5935 -2.4354 0.16292 -0.096701 -1.6627 0.21967 -0.47394
1.6139 0.034063 1.93 0.55763 0.94234 -1.9457 -2.5702 -0.54542 0.6896 -1.771 0.48001 -0.40588
           
0.77162 0.21118 0.28328 1.2488 -1.6705 0.57681 0.94678 2.4315 1.2501 -0.14743 -0.59343 0.2336
0.80588 0.9823 0.3825 0.87863 -1.7944 1.1263 0.26838 1.6086 0.46712 -1.0619 -0.20671 0.76887
0.68588 1.4908 0.17982 1.002 -2.4211 2.0188 -0.20459 1.3433 -0.22877 -1.1648 -0.42202 1.0601
0.65355 1.3824 -0.076712 1.0357 -2.1361 1.7972 -0.32074 1.2283 -0.23151 -1.867 -0.75652 1.0075
1.1903 0.44714 0.378 0.64415 -1.1596 1.6228 -0.19368 1.2198 0.44777 -1.8906 -1.0909 1.0352
1.2471 0.24373 0.11754 0.89638 -1.0551 2.0642 -0.87794 0.83131 0.49447 -1.0222 -1.6936 1.0521
1.5476 0.19064 0.4687 0.36867 -0.4736 1.8395 -0.74372 -0.31621 0.37844 -0.59305 -1.2014 0.89542
0.74237 0.83106 -0.1669 1.4269 -1.3182 2.381 -1.4756 0.41434 -0.77193 -0.45839 -1.5387 1.2465
0.89382 0.69216 0.16612 1.5284 -0.85346 1.3744 -1.2985 0.30129 -0.63975 -1.0141 -1.0997 1.1205
1.0266 0.72175 0.67382 1.6213 -0.50874 0.62809 -1.8923 0.14826 -0.30893 -0.7398 -0.20783 0.53237
1.3109 0.24909 0.56902 1.4609 -0.013363 0.87337 -1.3347 0.032464 -0.15783 -0.25337 0.58789 0.44775
1.4856 0.01883 0.63005 1.2827 0.20726 1.022 -0.8093 -0.30001 0.021155 0.15001 0.84803 0.56717
1.4458 0.12704 0.61011 1.1425 0.32416 1.1278 -0.91712 -0.042624 -0.073054 -0.23066 1.5264 0.28932
1.0645 0.22764 0.21153 1.9194 -0.047737 1.5119 -1.4024 0.96198 -0.26022 -0.43781 1.3848 0.29296
0.64721 0.33558 0.33773 2.3259 -0.19492 1.3794 -1.5095 1.3939 -0.19973 -0.57795 1.0297 -0.049955
0.84073 0.077921 0.68432 1.9556 0.30992 0.96074 -0.85617 1.1553 -0.015919 -0.93929 1.5067 -0.50667
1.2846 -0.5398 1.2191 1.3968 1.018 0.24937 -0.22047 0.83096 0.492 -1.3699 1.8248 -0.97576
1.3719 -0.63137 1.1456 1.4161 1.0648 0.1808 -0.14029 0.8124 0.40397 -1.4138 1.7641 -1.1957
1.4491 -0.54111 0.88223 1.4979 0.99509 0.26945 -0.13176 0.74184 0.12243 -1.3163 1.5814 -1.2608
1.4857 -0.47001 1.0918 1.2818 1.1596 0.06795 -0.31809 0.58605 0.14451 -1.4578 1.4658 -1.3807
1.2957 -0.30814 1.1445 1.4307 0.96582 0.17609 -0.33782 0.49293 0.070398 -1.1468 1.1466 -1.4223
1.5886 -0.39107 1.2969 1.3597 1.1025 -0.11411 -0.35737 0.3009 0.26925 -1.2726 0.89973 -1.5338
1.7157 -0.13818 1.6519 1.1068 1.2626 -0.55837 -0.86144 0.095722 0.31506 -1.6169 0.64902 -1.5368
1.3582 0.19959 1.5041 1.3142 1.0654 -0.2952 -1.1512 0.14485 0.25455 -1.5878 0.53031 -1.3985
           
2.1063 1.7481 1.1306 -0.74697 0.025471 -2.3412 -0.85902 0.027271 -0.33135 -0.20175 -0.57031 -0.30771
2.0817 1.3086 0.86854 -0.24958 0.12419 -1.8809 -0.73855 0.7082 -0.41572 -0.043679 -0.96499 -0.57929
1.0302 1.6408 0.21351 0.4923 -0.82848 -0.10627 -1.2006 1.1605 -0.82259 -0.19608 -1.2612 -0.84927
0.49362 1.6186 -0.18889 0.86046 -0.95622 0.93585 -1.2323 1.04 -1.3922 -0.20097 -1.8685 -0.26668
1.3097 0.54007 0.25128 0.25427 0.25293 0.67702 -0.40042 0.39217 -0.47117 -1.3344 -2.1948 -0.061246
1.3698 0.52126 0.67942 0.42888 0.18478 0.73318 -0.31939 -0.15752 -0.40142 -1.4217 -1.6501 0.73275
1.2497 0.84462 -0.0045732 1.6528 -0.34024 0.67939 -0.84161 0.19446 -1.1275 -1.0456 -0.75626 1.1414
1.3472 1.0363 -0.54803 2.3564 -0.41766 0.29578 -0.84779 0.45299 -1.5587 -0.48283 -0.66322 0.99952
1.7383 -0.087057 0.30203 1.909 0.66621 -0.71823 -0.13032 0.5676 -0.53928 -0.73607 -0.045526 0.52259
0.91227 1.068 -0.23162 2.4476 -0.18481 0.11544 -1.775 0.97816 -1.3768 -0.20205 -0.067801 0.44272
1.0723 0.84669 -0.11122 2.279 0.51394 -0.64937 -1.1342 0.52322 -0.99085 0.066842 0.039225 0.35599
1.1558 0.2464 0.16941 2.0761 0.76017 -0.71393 -0.089309 0.149 -0.50393 0.29479 0.3087 0.47516
1.2877 0.021238 0.12855 1.9797 1.0581 -0.71106 0.24927 0.068774 -0.42485 0.48573 0.2361 0.4267
1.2293 -0.096574 0.58366 1.5691 1.2054 -0.33499 0.28497 -0.28946 -0.0023393 0.66294 -0.24671 0.4472
1.1496 -0.12621 0.61706 1.9606 1.1746 -0.64231 0.46526 -0.10121 0.14659 0.28213 -0.37096 0.56186
           
0.23005 1.0132 2.3309 0.15274 -1.8669 -0.31396 -0.15977 1.4532 0.58212 0.58424 0.90549 0.51782
0.82435 1.68 2.459 0.31315 -1.0162 -0.86122 -0.023182 1.4346 0.27727 0.15472 0.92011 0.82834
0.62752 2.4474 1.4038 1.2523 -1.086 -1.155 -0.45258 0.93029 -0.31646 -0.40358 0.59632 1.0884
0.78516 0.49073 0.12447 1.4185 -0.94544 -0.37771 0.6713 2.0353 -0.53747 -0.45291 -0.76806 0.30223
1.1259 -1.432 -0.3206 0.69098 -0.29142 -0.26462 2.2308 2.5381 0.67001 -1.2901 -0.66108 -0.96277
0.72938 -0.11482 0.89631 0.18938 -0.67744 -0.034138 0.69609 1.8048 -0.13255 -1.6319 -0.75543 -0.22674
0.86483 0.64141 1.4285 0.42227 -0.36784 -0.03509 0.1177 1.4985 -0.44785 -1.2418 -0.28704 0.62504
1.2537 0.83893 -0.038226 1.5978 -0.35239 0.086288 0.3924 1.865 -1.7057 -0.84393 -0.10453 0.75818
1.4203 0.851 0.25019 1.0378 0.31853 -0.13419 0.59284 1.4524 -1.9146 -0.9293 -0.08966 0.81558
1.3412 0.74679 0.25716 0.98529 0.58014 -0.33276 0.32839 1.1822 -1.8061 -0.5243 -0.67835 0.86532
1.5299 0.73104 0.64588 0.8694 0.78115 -0.84886 -0.10823 0.51938 -1.3978 -0.41636 -0.55322 0.92719
1.8503 0.83258 1.1677 0.36934 0.86466 -0.90288 -0.3911 -0.78015 -0.92101 -0.67246 -0.4829 1.3832
1.6186 0.99427 1.0997 0.40704 0.78616 -0.58537 -0.47722 -0.85441 -1.1261 -0.59185 0.0035895 1.0878
1.5418 1.1712 0.86034 0.53081 0.66204 -0.43076 -0.73305 -0.57255 -1.6698 0.26879 0.41382 -0.094516
0.83464 1.2312 0.32277 1.7882 0.37677 -0.56641 -0.74673 0.34922 -1.675 0.31168 -0.1521 0.27347
1.0354 0.92483 0.55143 1.85 1.0601 -1.2286 -0.037367 0.037151 -1.0011 0.19511 -0.27282 0.9702
1.0616 0.91452 0.95459 1.43 1.0562 -0.73448 0.21969 -0.4664 -0.65885 0.2626 0.26735 0.84094
1.0815 0.78884 0.72701 1.8482 1.2484 -0.94153 0.50356 -0.11751 -0.59097 0.13886 -0.1248 0.74011
1.1939 0.49639 0.78686 2.0418 1.724 -1.5249 1.0149 0.029448 -0.38857 0.20979 -0.91858 0.88783
0.83973 0.47886 0.68808 2.2388 1.5147 -1.0312 1.5518 -0.022385 -0.35755 0.26195 -0.66293 0.78921
0.78214 0.39803 0.71179 2.2894 1.5299 -0.91689 1.7847 -0.32738 -0.029626 0.11158 -0.56149 0.7947
0.58132 0.27841 1.1834 2.2908 0.96483 -0.75336 1.935 -1.1692 0.83624 -0.38439 -0.17204 0.58338
0.4014 0.23107 1.2582 2.5395 0.52563 -0.37627 1.6222 -1.3982 1.3456 -0.62197 -0.38629 0.53938
           
-0.88128 3.2221 1.5243 1.3844 -3.8012 0.49784 -0.075054 0.59661 0.36436 2.4491 0.65002 1.3925
-0.71611 2.7362 2.0133 1.0423 -3.2737 -0.16611 0.94929 -0.1632 1.2588 1.688 0.90672 1.4425
-0.52931 2.4989 1.9304 0.6409 -2.5386 -0.22737 1.0991 -0.3433 1.1294 1.2983 0.28055 1.471
-0.49746 2.4487 1.1022 0.4987 -2.0446 0.24328 1.4895 -0.17213 0.64056 -0.056996 0.29792 0.42641
-0.63796 2.5526 0.75562 0.47922 -1.7847 0.77661 1.0744 0.15463 -0.062419 -0.22845 -0.39963 0.46772
-0.48175 2.3195 1.0711 0.37734 -1.4389 0.83334 0.77735 0.027547 0.19236 -0.56153 -0.68282 0.91297
0.099026 1.8709 1.3489 0.24323 -0.75401 -0.17703 0.88572 -1.128 0.83634 -1.3685 0.27315 1.2237
0.34054 1.6867 1.2618 0.2101 -0.22462 -0.32963 0.92573 -1.7364 0.46135 -1.4383 0.49094 1.4174
0.21556 1.6087 1.1086 0.62641 -0.36419 -0.20642 0.48278 -2.521 0.9916 -1.8826 0.90732 1.1398
0.024946 1.6999 1.1594 1.1551 -0.62213 0.037491 -0.058716 -2.4979 1.0018 -1.31 0.86055 0.7407
-0.30668 1.3512 0.61937 2.1411 -0.29564 0.067336 -0.031071 -1.1945 0.71756 -1.2171 0.64733 0.58669
-0.13794 0.9429 0.75797 2.045 0.33686 -0.61294 0.68003 -1.3931 1.1389 -1.6587 0.86276 0.30843
-0.26842 0.9219 1.0305 2.0336 0.35849 -0.64951 0.89884 -1.5361 1.4252 -2.2246 0.78361 0.16751
-0.043813 0.91654 1.5095 1.9247 0.56175 -1.3295 0.68425 -1.6806 1.7802 -3.0786 0.72739 0.12935
-0.48567 1.1899 1.7628 2.1864 -0.061599 -1.0554 0.10574 -1.1128 1.4609 -3.3592 0.85639 -0.36306
           
1.1117 1.3982 0.59235 0.83681 -0.77987 -0.60658 0.26085 2.8751 1.1491 1.0848 1.5321 0.178
1.1953 1.1585 0.79573 0.45547 -0.17866 -0.73465 0.27351 2.7029 1.1332 0.21986 1.3226 -0.2799
1.38 1.2882 1.2766 0.14122 -0.25908 -0.71521 0.20263 2.1566 1.08 0.26885 1.8767 -0.028107
1.2917 1.0375 1.3173 -0.1396 0.080872 -0.26167 0.52791 1.6592 1.175 0.51845 1.7182 0.57226
1.3324 0.63101 1.2466 -0.18452 0.42886 0.094459 0.56503 1.3773 1.2442 0.18398 0.5418 1.0805
1.4943 0.2199 0.68294 0.15644 0.50124 0.44475 0.58421 1.4009 1.132 -0.21676 -0.84767 0.80262
0.76413 0.79606 -0.3095 1.0162 -0.15769 1.228 0.55955 1.5414 0.52034 -1.1726 -0.99516 0.80068
0.88488 1.1327 -0.45599 1.1546 -0.2339 1.693 0.045115 1.5303 -0.49037 -1.7221 -1.3988 0.51744
1.634 0.63932 -0.11742 0.84629 0.54653 1.6218 0.050182 1.2414 -0.70457 -1.4443 -1.53 -0.059095
1.4747 0.56839 0.50474 0.90837 0.74226 1.2165 0.48857 0.11942 -0.55035 0.061943 -0.72656 0.80283
1.4154 0.73126 0.73424 1.2131 0.82953 0.53272 0.21296 -0.039255 -0.30526 -0.15338 -0.10328 1.2142
1.2644 0.69129 0.58424 1.4919 0.94504 0.27971 -0.3603 0.70034 -0.46508 0.04417 0.67541 0.27932
0.97311 0.57374 1.2824 1.2974 1.3591 -0.34894 -0.21161 0.52699 0.10947 -0.032812 1.1266 0.16161
0.86429 0.54555 2.0915 1.0871 1.6167 -0.75968 -0.3176 0.093738 0.71099 -0.62533 1.003 0.3488
1.0051 0.47312 2.0039 1.5403 1.217 -0.77408 -0.52337 -0.0070537 0.81096 -1.0872 0.73767 0.1812
0.92352 0.5956 1.6188 1.8679 0.95665 -0.59789 -0.75481 0.44584 0.30927 -1.2691 0.76483 -0.48135
0.92665 0.58355 1.3332 1.9093 0.72321 -0.12193 -0.94504 0.82299 -0.082667 -1.2954 0.9312 -1.0985
           
-0.24322 1.6318 2.1419 -0.10457 -1.4759 0.17958 0.085323 2.2886 0.54116 1.3054 2.1135 0.20243
-0.21781 1.3192 1.9362 0.27032 -1.2096 0.31167 0.41769 2.5793 0.32678 0.19399 1.869 -0.056584
-0.024187 1.5284 0.98921 0.9391 -1.1627 0.17721 0.32119 2.4953 -0.054439 -0.18867 1.6614 0.26154
0.45763 1.1444 0.70191 0.64715 -0.45551 0.089028 0.90482 2.4648 -0.13624 -0.77549 1.1821 0.31933
0.64308 0.73674 0.71737 0.68991 -0.16677 0.32983 1.1438 2.6221 -0.29301 -0.89939 0.76888 0.55372
0.36944 0.92633 0.60313 1.2081 -0.47939 0.52702 1.128 2.6487 -0.30638 -0.84997 0.037116 1.1807
0.6767 0.79462 0.77284 1.1137 -0.075617 -0.03268 0.93263 2.0399 -0.29561 -0.35837 0.28104 1.7163
0.83632 0.58128 1.1664 0.72761 0.65621 0.10685 0.34549 1.5712 -0.1589 0.23235 0.50388 2.2095
0.54284 0.50574 1.3828 0.72669 0.59505 0.67308 0.071104 1.6726 0.051381 0.27311 0.86781 2.1254
0.42002 0.5366 1.4928 0.97452 0.62009 0.54082 0.087932 1.4821 0.044913 0.25693 1.1559 1.7498
0.33721 0.73523 1.794 1.1588 0.61743 0.37273 0.0030003 0.95555 0.13504 0.27267 0.94106 1.6691
0.45913 0.86593 2.3819 0.87051 1.2293 -0.15945 -0.017916 0.65647 0.24655 -0.3139 0.8988 1.802
0.50729 0.94242 2.5337 1.0436 1.3604 -0.39625 -0.15911 0.56003 0.24817 -0.40567 0.88914 1.4225
-0.027415 1.1513 2.0324 1.2413 0.77397 1.098 -0.19544 0.93057 -0.25054 0.0035318 1.1168 0.72062
           
0.25017 1.1025 1.6568 1.1062 -2.0551 -0.65105 2.552 0.080785 0.7237 1.5756 -0.11627 1.5213
0.52786 1.0453 1.5455 0.93381 -1.6361 -0.57214 2.4051 -0.18441 0.90022 0.91002 -0.48836 1.5829
0.47242 1.217 0.69136 1.4075 -1.6043 -0.21272 2.1148 0.4684 0.63104 -0.2222 -0.96569 0.91663
0.56262 0.91227 0.7901 1.3205 -1.104 0.02947 1.8342 0.77774 0.64859 -0.72756 -2.1515 1.2085
1.0641 0.52097 1.619 0.42115 -0.032426 -0.16587 1.4723 0.10731 0.92736 -0.76373 -3.2091 2.0918
1.4151 0.44968 1.7763 0.22034 0.6001 -0.591 0.54178 -0.82577 0.82442 -0.37228 -3.3423 2.6491
1.3594 0.57247 1.6904 0.18948 0.67443 -0.19563 0.11634 -1.285 0.71021 -0.031583 -3.3601 2.3273
0.97746 0.78685 1.6418 0.74628 0.64847 -0.31553 0.29994 -1.9714 1.2185 -0.73007 -1.925 2.5977
0.59281 0.82768 1.5216 1.1458 0.85316 -0.41069 1.1601 -2.1252 1.5097 -1.0155 -1.074 2.221
0.46688 0.73628 1.5508 0.94436 1.166 0.049829 0.95171 -2.0217 1.578 -0.74366 -0.93392 1.8408
0.4692 0.72634 1.4791 0.87145 1.1258 0.4813 0.64661 -2.0633 1.425 -0.14969 -1.252 1.3093
0.2724 0.86761 1.1878 1.5838 0.80911 0.3042 0.92902 -1.5537 1.0665 -0.45983 -1.4174 0.77487
0.16898 1.1271 1.359 1.6591 0.93624 -0.62603 1.0881 -1.6252 1.0607 -1.2798 -0.55404 0.22526
-0.15181 1.187 2.0976 1.3336 0.5685 -0.2406 0.0046906 -1.1826 0.96803 -1.4486 -0.50723 0.094149
           
0.60955 3.2888 2.7404 0.55779 -1.2184 -2.3246 -1.9541 0.16341 -0.88028 0.55374 1.5549 1.3624
0.97719 1.6919 1.4856 0.16586 -0.55603 -1.74 -1.0584 0.85363 -0.36128 -0.27401 0.56645 0.43937
0.90262 1.313 1.2128 0.032592 -0.52636 -1.6728 -0.61021 1.0242 0.11042 -0.77169 0.35966 0.2075
1.0136 2.1209 1.8602 -0.040019 -0.55561 -1.9004 -0.92026 0.73124 0.12484 -1.1654 1.1261 0.32475
1.4199 1.9629 1.3058 -0.81806 -0.18798 -0.53745 -0.21656 0.40057 -0.29041 -1.023 0.27942 -0.58819
1.4172 1.5617 0.5886 -0.10587 -0.30845 -0.086111 0.086756 1.2912 -0.45609 -2.5301 -0.72965 -1.1645
1.0781 1.2557 -0.36577 1.0167 -1.0784 0.97765 -0.59403 2.2819 -1.1384 -2.2618 -2.0703 -1.2988
0.99232 1.1159 -0.25706 0.54973 -0.66277 0.86787 -0.70103 1.1738 -0.78228 -2.0428 -2.2929 -1.1942
1.6113 0.76187 0.49687 -0.17258 0.54284 0.020401 -0.30802 -0.13417 -0.29306 -1.5809 -2.3167 -0.33722
1.5058 0.82751 0.87317 -0.23034 0.70857 0.4536 -1.1653 0.031414 0.10787 -1.7931 -1.7645 -0.70635
1.3883 0.65018 1.1349 -0.324 1.0575 0.71446 -1.522 -0.069021 0.11495 -1.4763 -0.58093 -0.87374
1.3336 0.79211 0.96196 -0.038329 1.2542 0.23104 -1.2831 -0.34636 -0.433 -1.1786 0.2645 -0.57346
1.0543 0.94451 0.89195 0.38035 1.1426 -0.028081 -1.0007 -0.45642 -0.58942 -1.4088 0.3694 -0.27093
0.82766 0.93615 1.2161 0.59884 1.0807 -0.1743 -1.1686 -0.34164 -0.27412 -1.9354 0.49963 -0.46025
0.60657 0.91068 1.2368 1.1637 0.78269 -0.0013371 -1.4283 -0.11718 -0.026494 -2.0944 0.36728 -0.51232
           
1.0004 0.77768 2.2101 -0.72603 -0.51125 -0.35638 -0.28983 1.7612 1.3414 -0.4362 2.0206 0.2858
0.58017 0.11165 1.857 -0.79459 -0.55596 0.75344 0.1688 2.1959 1.5091 -1.2516 1.4577 -0.27761
1.2441 0.022418 1.7145 -0.96778 0.039834 0.54004 -0.13976 1.8676 1.5636 -1.7664 0.66345 -0.52333
1.5498 0.20047 1.0141 -0.28713 0.12922 0.60873 0.28494 1.6561 1.0384 -1.6425 -0.18466 -0.15581
1.3617 0.0094718 0.50791 0.091936 0.11193 0.91708 0.25908 1.7161 0.58292 -1.9245 -1.0762 -0.67641
1.8008 -0.49332 0.59177 0.014353 0.63316 0.42487 0.56468 1.2387 0.491 -1.7432 -1.9974 -0.6559
1.8219 0.10304 0.91521 -0.071926 0.94987 0.14525 -0.20673 0.25854 0.27698 -1.6711 -1.6183 0.52269
1.518 0.51956 1.2204 -0.11994 1.2828 0.11758 -0.80856 -0.19819 -0.10679 -1.0516 -0.6074 0.75068
1.7065 0.3588 1.176 -0.10052 1.6734 -0.020423 -1.1093 -0.29751 -0.16996 -0.51418 0.12875 0.30319
0.68546 0.9556 0.39635 0.87295 1.1303 0.082503 -0.97231 -0.13581 -0.4124 -0.74606 0.33691 0.19524
-1.3046 2.0369 0.68689 1.2529 0.46875 1.0485 -0.57392 0.12151 -1.0116 -0.1322 0.098289 0.54144
-1.8399 2.2604 1.0402 1.7002 -0.018232 1.4534 -0.56585 0.6262 -1.4749 0.1747 -0.26615 0.99945
-0.52319 1.1559 1.411 1.8065 0.90019 0.12432 0.23842 0.27833 -0.47593 -0.40299 -0.13556 1.0483
0.8917 0.407 2.0684 0.70012 1.2583 0.012311 -0.79497 0.14492 -0.097782 -1.7722 1.0255 -0.12926
1.3004 0.10939 2.765 0.18511 1.2966 -0.094147 -1.3564 -0.014933 0.29999 -2.3731 1.3063 -0.82937
           
1.1331 1.0762 2.449 0.85629 -2.0174 -1.7705 -0.90185 -0.014278 1.7233 1.2759 -0.82632 2.4759
1.1978 0.93292 2.0388 0.72753 -1.7024 -1.8881 -0.43526 0.14027 1.7148 1.2958 -1.1329 1.9567
1.5411 0.62551 1.6332 0.61056 -1.4197 -1.978 0.14269 -0.02831 1.6873 1.3154 -1.4646 1.4017
1.0094 0.19424 1.5224 0.94231 -2.2361 -0.40348 -0.89429 0.40751 1.6919 0.62342 -1.2427 1.3794
0.33383 0.54123 1.5422 1.5174 -2.4807 -0.30555 -1.764 0.36059 1.3141 0.73906 -1.3926 2.1892
0.80048 0.48988 1.5114 0.77167 -1.0078 -0.53176 -0.16602 0.54518 1.5761 0.23083 -2.3463 1.8206
0.92398 0.52126 1.4058 0.58583 -0.32093 -0.47564 0.83836 0.47759 1.7651 -0.67609 -2.6698 1.9143
0.64773 0.86822 0.96535 1.046 -0.88404 0.1409 0.7031 0.50964 1.2188 -1.2616 -1.7715 1.6577
0.69793 1.0417 1.7043 0.3769 -0.59455 0.66524 0.57773 -0.13154 0.56779 -0.92948 -0.67226 2.0046
0.77794 1.0317 2.2009 0.044444 -0.74939 0.85955 0.11991 -0.86936 0.2254 -0.11851 -0.46891 1.7476
0.9047 0.85391 1.8168 -0.022681 -0.49175 1.1014 -0.24371 -1.576 0.097771 0.69186 -0.80287 1.4606
0.51551 0.54335 1.7022 0.57526 -0.18275 1.1385 -0.060553 -1.214 0.32122 0.52498 -0.9996 1.9329
0.47848 0.62718 1.9336 0.52747 0.20734 1.0039 0.29875 -1.233 -0.010922 0.94471 -0.13978 1.784
0.71576 0.50044 1.6102 0.65113 0.82913 0.83342 0.52041 -0.55145 -0.51419 0.70118 -0.014403 1.3593
0.9887 0.25651 1.2141 1.0429 1.3497 0.40041 0.33135 -0.53208 0.12141 -0.0088986 -0.88662 1.4374
0.79778 0.39747 1.2212 0.84981 1.3728 0.74103 -0.068071 -0.30666 -0.10389 0.10744 -0.81433 0.70686
0.50574 0.71597 1.1504 0.97068 1.2498 0.62381 -0.1251 -0.17729 -0.47748 0.32643 -0.82695 0.25866
0.20811 0.75861 1.3122 1.2279 0.81635 0.81364 -0.036234 -0.51388 -0.047325 0.074583 -0.85464 0.47185
0.31193 0.64582 1.5031 0.89512 1.053 0.73733 -0.25773 -0.53845 -0.1117 0.28104 -0.88289 0.17997
0.18287 0.65536 1.7249 0.92379 0.75735 0.77834 -0.029948 -0.72753 -0.2119 0.68135 -1.0127 0.073848
0.12364 0.70718 1.846 1.2391 0.75743 0.36046 0.18308 -0.67574 -0.084137 0.44998 -1.2648 0.2936
           
0.33588 2.0039 2.3529 -0.33202 -1.2546 -1.157 0.15293 0.97391 1.3024 0.78242 2.8163 0.93683
0.375 1.7412 2.1173 -0.48808 -0.85221 -0.22128 0.17398 1.2404 1.0328 0.44921 1.7245 0.70232
0.15771 1.3563 1.8951 0.037557 -0.80466 0.47698 -0.32745 2.0888 1.0107 -0.069926 0.99007 0.86433
0.19765 0.97197 1.6875 0.44183 -0.57083 0.71017 -0.14175 2.2818 1.2751 -0.66231 0.62506 1.3451
0.6187 0.66847 1.6341 -0.0554 0.36651 0.56614 0.58379 2.3373 0.95159 -1.707 0.10401 0.55637
0.84188 0.56275 1.5094 -0.10761 0.48254 0.72914 0.35162 2.0499 0.53882 -2.4901 -0.79451 0.057722
0.86878 0.78449 1.2406 0.081026 0.41871 0.92667 0.22699 1.1246 0.74145 -2.4072 -2.0391 0.43492
0.66113 1.1446 1.0894 0.31055 0.38014 1.0139 -0.24122 0.47836 0.32583 -2.321 -1.1355 0.73564
0.6846 1.0192 0.98296 0.53586 0.74423 0.59511 -0.31624 0.11221 0.28278 -2.5276 -0.59062 1.1494
0.69065 0.68334 1.3794 0.39475 1.0904 0.60638 -0.2869 0.27725 0.19541 -2.0141 -0.31614 1.5162
0.53147 0.65642 1.5915 0.25614 0.87167 0.96768 -0.59664 0.18728 0.1882 -1.4503 0.27737 0.86755
0.74012 0.88036 1.337 0.28714 0.88503 0.75004 -0.42203 -0.56275 0.045563 -1.12 0.87973 0.7086
0.77925 0.94386 1.0847 0.8978 0.63007 0.52776 -0.50066 -1.0169 0.49925 -1.4828 0.54223 0.96871
0.66051 0.89397 1.0699 0.97837 0.91556 0.40475 -0.4898 -0.93639 0.60456 -1.7331 0.84217 0.84584
0.56709 0.89604 1.0308 1.1492 0.86528 0.31314 -0.63333 -0.81029 0.54446 -1.8562 0.96752 0.65716
0.58806 1.026 1.1556 1.0393 0.65997 0.34579 -0.91267 -0.85626 0.28127 -1.7477 1.0525 0.26497
           
-0.082096 2.3736 1.4196 0.49399 -1.3816 -0.96021 -0.4693 1.1496 -0.74616 -1.0009 1.1263 0.077661
-0.082644 1.9194 1.5364 0.20771 -1.1834 -0.34099 -0.00046071 1.3053 -0.4603 -1.1286 0.43965 0.24089
0.25199 1.6737 1.4652 -0.47769 -0.58799 0.12822 0.3257 1.2229 -0.37921 -1.4298 0.22295 -0.076308
0.51882 0.48058 1.5472 -0.49252 -0.63921 0.78131 -0.43987 1.1777 0.56464 -1.5909 -0.9688 0.47964
0.70778 0.31962 1.5891 -0.2407 -0.47728 1.1628 -0.44245 1.4797 0.86619 -2.2072 -0.96619 0.52494
1.3996 0.8129 0.85086 -0.11285 0.5781 0.08183 -0.12815 0.86553 0.58081 -2.415 -1.4265 0.59833
1.4352 0.48011 0.7864 0.26278 0.62441 0.32276 0.35135 0.62182 0.48995 -1.3476 -2.5017 0.84203
0.91934 0.60817 1.4889 -0.056931 0.19538 1.7353 -0.53102 0.65179 0.2777 -1.8391 -1.2188 0.26511
0.47682 0.93023 1.577 0.42395 -0.49311 2.7786 -0.92762 0.81278 -0.063732 -1.7021 -1.1507 0.30953
1.3439 0.56611 1.9645 0.39475 0.31681 1.3577 -0.56412 0.027547 0.25846 -1.6233 -0.059177 0.50968
1.3795 1.2724 2.5186 -0.035502 0.87627 0.70521 -0.063857 -0.62825 -0.6035 -1.5536 1.4337 1.0709
0.81574 1.3612 2.3592 0.59115 1.109 0.79683 0.90477 -0.27019 -0.15378 -1.7503 1.0727 1.2913
0.35016 1.2115 1.9239 1.598 0.63478 1.1226 0.27323 0.31135 0.267 -1.3646 0.73801 0.54424
0.53461 0.87036 1.7574 1.8018 0.81897 1.6627 -0.2508 1.0039 0.26671 -1.2746 0.58669 0.22243
1.1424 0.29294 2.6276 1.15 1.777 0.55238 -0.20913 1.0152 0.67379 -1.9321 0.14379 0.1489
           
0.55832 1.0704 0.28415 0.82732 -0.11867 0.34911 1.1809 2.1138 -0.15958 -1.4525 -0.84407 0.24599
1.0166 1.1315 0.076193 1.0418 -0.30429 0.59977 0.71863 2.1061 -1.0233 -1.7992 -1.1951 -0.083931
1.2544 1.0214 0.25443 1.2543 -0.03397 0.44367 0.839 2.2514 -1.2177 -2.0882 -1.2337 -0.024822
1.377 0.62959 0.4867 1.2162 0.18175 0.41461 1.1267 1.8936 -1.3006 -1.9093 -1.1249 -0.26029
1.0646 0.97805 0.74104 1.0067 0.040616 0.6344 0.86061 1.0183 -1.5301 -1.6499 -0.93519 0.15996
0.63324 1.6245 0.81643 1.0589 0.28534 0.52587 0.54245 0.46948 -1.6982 -1.8277 0.1615 0.86361
0.39433 1.6115 0.5763 1.0537 -0.16888 1.345 -0.040422 0.43882 -1.9984 -0.22804 0.52107 0.19649
0.55006 0.71314 0.99861 0.62959 0.3547 1.0127 0.29406 0.30917 -1.1297 0.40697 1.2086 -0.29905
0.66947 0.48589 1.1638 1.0895 0.36391 0.61807 0.69901 0.38261 -0.65402 0.053145 0.67773 -0.00082665
0.9855 0.36971 0.67976 1.2148 0.58637 0.48245 0.61001 0.091625 -0.68818 0.13744 0.74731 -0.22566
0.6731 0.56087 0.080529 1.7472 0.42237 0.79866 0.11126 0.56332 -1.1644 0.34707 0.78674 -0.59598
0.2041 0.60475 0.10141 2.1281 0.31374 0.92587 0.037181 0.69464 -1.0854 0.4586 0.27135 -0.40826
-0.010395 0.4861 0.43446 2.4687 0.22894 0.88578 0.17284 0.8594 -0.82882 0.27715 0.09632 -0.1917
-0.16796 0.71407 0.51871 2.3397 -0.22699 1.4682 -0.40962 1.1291 -1.1359 -0.037495 0.25466 -0.7502
-0.34203 0.63454 0.51837 2.2581 -0.71942 1.9874 -0.59829 1.3327 -1.3782 -0.20176 0.39746 -1.1836
           
0.61148 1.4826 0.96905 2.2814 -2.6303 -0.69833 -2.8336 1.7371 -0.38304 -0.0048521 -1.347 0.53506
1.652 0.49842 1.7567 1.3273 -1.3217 -2.0276 -1.9648 0.10182 0.82983 -0.74168 -0.863 0.66509
0.80213 1.262 0.26179 2.1936 -2.6608 -0.82087 -2.5675 1.1111 -0.3007 0.17492 -1.9147 0.4116
0.951 1.0283 0.28883 2.1267 -2.6033 -0.75406 -3.0245 0.72744 -0.10024 0.084335 -2.0451 0.40824
1.0236 0.98711 0.33742 1.9034 -2.2283 -0.46887 -3.0787 0.41626 0.13339 0.029774 -2.4646 0.32273
1.2663 0.84311 0.63893 1.5676 -1.731 -0.49226 -2.5824 0.14868 0.47637 -0.28556 -2.706 0.11063
1.5955 0.59801 0.58876 1.6567 -1.176 -1.1979 -2.3042 -0.42131 0.41742 -0.63264 -2.7336 0.26632
1.525 0.61381 0.68841 1.3433 -0.9964 -0.4172 -2.0199 -0.42792 0.49772 -1.2555 -2.9647 0.72393
1.4588 0.59437 0.84672 0.97777 -0.45027 0.29155 -1.379 -0.36851 0.23504 -1.7282 -2.18 1.2984
1.3908 0.49996 1.2574 0.33528 -0.13737 0.9033 -0.88605 -0.37842 -0.15363 -1.5831 -0.56252 1.2283
1.1534 0.42755 1.4414 0.26716 -0.22986 1.6092 -0.62252 -0.31376 -0.19176 -1.3815 -0.020604 1.3863
1.3906 0.27336 1.4527 0.22491 0.19186 1.5694 -0.70099 -0.2963 0.074306 -1.6124 0.17528 1.291
0.72132 0.56949 0.90361 1.3088 -0.55162 1.7611 -1.1119 0.47804 -0.37298 -1.6323 -0.37234 1.4103
1.1498 0.52969 1.447 0.7821 0.14856 0.73073 -0.76073 -0.045533 -0.10695 -2.2043 0.072769 1.4038
1.288 0.26555 2.0985 0.54039 0.25402 0.1164 -1.1221 -0.2666 0.36332 -2.126 0.38074 0.70976
0.51817 0.38203 1.5334 1.4513 -0.215 0.38484 -1.6161 0.14957 0.3686 -1.7727 -0.050353 0.56663
0.89625 0.23272 1.4988 1.3146 0.35948 -0.88842 -1.6659 -0.24862 0.50939 -1.8814 -0.50769 0.22408
0.70335 0.41864 1.0413 2.1197 -0.27439 -0.71887 -1.5948 0.26652 -0.045138 -1.7793 -0.82742 0.01278
1.0475 -0.018288 1.7667 1.6128 0.18985 -1.1526 -1.0804 -0.082202 0.26658 -1.8531 -0.5363 0.094273
           
1.6164 1.2827 1.3224 -0.33003 0.33778 -1.6094 -0.57963 0.73631 0.61317 -0.54424 1.2679 0.85601
1.8482 0.85697 1.9478 -0.93922 0.49447 -1.2504 -0.67528 0.89834 0.65033 -0.45382 1.4165 0.8023
1.8387 0.68759 1.8219 -0.78812 0.26403 -0.84107 -0.42959 0.80807 1.0221 -0.38706 1.2038 0.85142
1.3855 0.78642 1.0102 -0.4298 -0.093206 -0.2068 -0.30262 0.78382 0.88891 -0.27163 0.57864 0.41928
1.9628 0.33979 0.9707 -1.0786 0.47466 -0.27564 -0.53915 0.04337 0.71743 -0.089119 -0.0508 0.36626
1.2869 0.39333 0.2736 -0.46883 -0.031354 0.48435 -0.7979 0.26231 0.89516 -0.17063 -0.60044 0.0032619
1.561 0.010944 0.37417 -0.59115 0.35194 0.30264 -0.77665 0.045349 1.1127 -1.1701 -0.96751 0.23235
1.6448 -0.1228 0.56034 -0.4698 0.432 0.31404 -0.96043 0.10824 1.0262 -1.8742 -0.78203 0.41295
1.6707 -0.080854 0.53374 -0.3959 0.49325 0.61847 -0.51311 0.35971 0.53738 -2.8149 -1.4023 0.31341
1.5446 0.0037222 0.30926 -0.036766 0.17656 1.1182 -0.4829 0.16009 0.26137 -2.5354 -2.2471 0.35253
1.4025 0.1124 0.36089 -0.2787 0.29159 1.4489 -0.7987 -0.27253 0.2135 -2.0653 -2.3534 0.20251
1.1877 0.13988 0.48477 -0.49761 0.32005 1.3946 -0.97786 -0.48834 0.056515 -1.7121 -2.04 0.15452
1.0968 0.2932 0.29115 -0.19059 0.084109 1.1738 -1.1505 -0.5863 -0.18022 -1.774 -1.5432 0.36658
1.0341 0.18852 0.13894 0.0045466 -0.015113 1.2356 -1.5336 -0.46661 -0.096466 -1.903 -1.2654 0.3758
1.1839 -0.12211 0.38299 -0.14906 0.32596 0.76996 -1.5685 -0.42625 0.17347 -2.0154 -0.62006 0.33761
1.0979 0.013972 0.7713 -0.2135 0.70713 0.020811 -1.6532 -0.63479 0.24573 -1.5868 -0.029624 0.56407
1.072 -0.025381 1.0707 -0.14481 0.89011 -0.25801 -1.6274 -0.92786 0.43283 -0.92892 0.16309 0.89875
0.70025 -0.083134 0.99491 0.15001 0.67492 -0.014619 -1.1351 -0.80847 0.30314 -0.59437 0.30083 1.0323
0.42655 -0.044313 1.0358 0.43158 0.59616 -0.13465 -0.91518 -0.78401 0.38513 -0.55286 0.38641 1.0888
0.11492 0.045908 0.86941 0.84187 0.61281 -0.40695 -0.5926 -0.76481 0.283 -0.36248 0.12344 1.1765
-0.36022 0.25711 0.41206 1.5675 0.1536 -0.28472 -0.25938 -0.63154 -0.1131 0.10956 -0.29189 0.93832
-0.49531 0.20444 0.28761 2.0097 0.028404 -0.50688 0.30487 -0.80622 -0.042814 0.12107 -0.41004 0.90749
           
1.3092 2.1707 1.0695 2.0401 -4.2682 -1.1795 -2.0713 -1.0354 -0.10137 1.1728 -0.99529 1.8674
1.6192 1.8016 0.91015 1.7886 -3.711 -1.2184 -1.3579 -0.88098 0.13103 1.0505 -1.1983 1.1859
0.97604 1.9016 0.59308 1.9298 -3.7223 -0.44106 -0.90174 -0.62758 -0.12049 1.0384 -1.2015 0.69511
1.5034 1.2978 0.63921 1.884 -3.0834 -0.5505 -0.89058 -0.58145 0.1655 0.70585 -2.1445 0.99371
1.6115 1.3671 0.11282 1.8837 -2.437 -0.80574 -0.55454 -0.8569 0.19887 -0.61028 -2.3132 0.63176
1.7657 1.2675 -0.038083 1.7928 -2.3572 -0.20656 -0.14551 -0.66688 -0.18359 -1.1057 -2.9031 0.56499
1.0993 1.2954 -0.2999 2.2218 -2.4882 0.81252 -0.60539 0.29017 -0.65293 -0.61377 -2.8108 0.92849
1.9081 0.66599 0.36397 1.6178 -1.8882 0.80421 -0.50529 -0.35445 -0.18242 -0.49696 -3.0708 1.4154
1.4164 1.5356 -0.24153 1.6646 -2.2218 1.2122 -1.2723 -0.85382 -0.63244 -0.31539 -3.1094 0.78604
2.0054 1.1408 -0.13679 1.6545 -1.74 0.57442 -1.5947 -1.0481 -0.75067 -0.26759 -3.0022 0.77139
2.311 0.41194 0.56807 1.4362 -1.0988 0.27253 -1.0381 -1.158 -0.26094 -0.49058 -2.2756 1.0844
2.9097 -0.39516 1.6478 0.25224 0.1007 -0.31678 -0.56629 -1.6147 0.21644 -1.2347 -1.7361 0.93599
2.1669 0.022234 1.3844 0.6185 0.089839 0.4118 -0.67023 -1.1747 0.16024 -1.2771 -1.3205 1.6188
2.0128 0.16963 1.4749 0.68512 -0.094534 0.98645 -0.74335 -1.3232 0.19101 -0.89079 -0.72031 1.9142
1.2286 0.46196 0.8371 1.8169 -1.0925 1.8387 -1.2539 -0.51107 -0.22617 -0.07336 -0.73847 1.9993
1.4217 0.079065 1.3878 1.4402 -0.55262 1.2692 -0.75033 -0.86427 0.41472 -0.10301 -0.16318 1.7068
1.9925 -0.44001 2.192 0.76119 0.26632 0.24603 -0.56793 -1.3597 0.92105 -0.19907 -0.059187 1.3155
2.2465 -0.61884 2.3456 0.50314 0.66889 -0.063924 -0.74431 -1.3031 0.93213 -0.46495 0.43499 0.7297
2.2869 -0.71161 2.4468 0.51507 0.74349 -0.066794 -0.71779 -1.2035 1.0864 -0.88277 0.95068 0.5395
1.9959 -0.72335 2.4024 0.56696 0.80809 0.2192 -0.60721 -0.84311 1.1945 -1.0569 0.86899 0.24964
           
0.2124 2.1954 3.5706 0.14728 -2.269 -0.89985 -2.0474 0.4988 0.6741 0.57217 2.0643 2.0017
0.1832 2.2746 3.3581 0.23657 -2.0501 -1.0275 -2.0121 0.78381 0.46509 0.16157 1.8255 1.676
0.4136 2.0776 3.3419 0.33695 -2.0228 -1.0086 -2.0788 0.53381 0.43507 -0.089411 1.5887 1.4946
-0.18531 2.4313 2.6613 1.4187 -2.755 -0.41129 -3.0463 0.94168 -0.38524 0.073458 0.68973 1.6088
0.26609 1.4505 2.5715 0.60115 -1.7727 0.58404 -1.7333 1.1151 0.33709 -0.80486 0.24627 0.52146
0.32898 1.0909 2.3174 0.32566 -1.1214 1.1909 -1.4417 1.2725 0.36647 -1.5068 -0.46086 0.23815
0.1857 1.062 2.0952 0.5494 -0.93369 1.485 -1.6817 1.2428 0.18703 -1.6436 -0.89429 0.51037
0.57169 0.97146 2.3366 0.19712 -0.71795 1.8833 -1.2879 0.77585 0.42734 -1.7259 -0.52854 0.37176
1.3146 0.56507 3.1525 -0.73221 0.095161 1.6573 -0.97898 -0.17268 0.72065 -1.9649 0.87259 0.45271
0.6758 0.63253 2.8238 -0.13451 -0.26733 2.2269 -0.8276 0.24878 0.51825 -1.5655 0.45634 0.55522
0.74024 0.52024 2.62 0.072681 0.061947 1.9408 -0.80761 0.12569 0.41425 -1.2826 1.0078 0.41384
1.045 0.54331 2.9587 -0.1491 0.24225 1.3215 -1.0305 -0.36988 0.48926 -1.1255 1.0982 -0.25369
1.1023 0.35189 3.5988 0.075741 0.2285 0.40128 -1.6922 -0.45839 1.085 -1.8205 0.43829 -0.39594
0.854 0.49173 3.3687 0.4168 0.073941 0.6272 -1.5966 -0.30566 1.0664 -1.9282 -0.13915 -0.44142
0.27536 1.3835 2.4133 1.0771 -0.73611 1.5747 -1.9484 -0.16829 0.20657 -1.2477 -0.62137 -0.55866
0.80121 1.1677 2.4025 0.71515 0.068177 0.62245 -1.4548 -0.59781 0.051038 -1.5631 0.40074 -0.74279
1.2451 0.43796 2.9846 -0.19733 0.73459 1.1561 -1.0568 -0.74984 0.39792 -1.6844 1.2721 -0.70612
           
0.97803 2.1101 2.6459 0.14159 -0.25653 -1.86 -0.59518 1.2089 1.2698 0.10579 1.0559 1.482
1.181 1.9977 2.443 -0.15156 -0.18128 -1.4925 -0.07641 1.1524 0.8282 -0.12318 1.1896 0.76139
1.2531 2.0037 2.5137 -0.23792 0.08767 -1.2684 -0.14399 0.66825 0.64309 0.18584 1.0372 1.1491
1.1933 1.4204 2.1398 -0.22758 0.75981 -0.60824 -0.27675 0.95393 1.149 0.44715 0.34006 1.064
1.3857 1.0965 1.6974 -0.24538 1.1102 -0.25137 0.093694 1.1535 0.96044 0.058265 -0.44036 0.39523
1.3255 1.1449 1.7864 -0.47301 1.1066 0.4034 0.31579 0.85907 0.44021 -0.40145 -2.2871 0.099688
0.90863 1.1361 1.5386 0.25118 0.80192 0.24312 -0.036091 0.80663 0.2025 -0.50456 -3.177 0.43174
1.1573 0.85527 1.0562 0.61257 0.66 0.22874 0.049544 0.19629 -0.10101 -0.060613 -3.1126 0.42466
1.3968 0.86245 1.2784 0.1745 0.73992 0.66546 0.42685 -0.61405 -0.47295 0.31187 -2.6418 0.98081
1.1199 1.1773 1.2152 0.13198 0.75015 0.97364 0.64684 -0.26066 -1.259 -0.2199 -1.8684 1.2312
1.0909 1.3578 0.98912 0.19793 0.56286 1.2203 0.56093 -0.063149 -1.6752 -0.036483 -1.3662 0.69638
0.98178 1.224 1.2918 0.38626 0.47071 0.78972 0.70525 -0.5992 -1.1638 0.41546 -1.0948 1.0592
0.78505 1.075 1.3142 0.53689 0.99727 -0.12003 1.2325 -0.97637 -0.89845 0.46335 -0.50523 1.7428
0.95272 0.96462 1.225 0.54709 1.5651 -0.48344 1.3902 -0.97865 -0.75763 -0.058545 0.0069161 1.9545
1.3559 0.61398 1.2264 0.56553 1.7384 -0.35647 0.92484 -0.97964 -0.17249 -0.71948 -0.41291 1.9281
1.19 0.62616 1.2189 0.51088 1.8677 -0.35194 1.189 -1.2966 0.0041168 -0.37393 -0.77301 1.852
0.96217 0.82447 1.7926 0.10679 1.7938 0.1488 0.76788 -1.6516 0.22434 -0.22343 -0.62825 1.9399
           
0.75299 1.3866 1.1114 0.20985 0.66247 -0.25976 0.63004 2.5748 0.79401 -0.12074 -1.6303 -0.39439
0.7061 1.412 0.96091 0.31295 1.1252 -0.32759 1.514 2.5135 1.0351 -0.71656 -1.4671 -0.39335
0.46808 1.4536 1.335 0.31901 0.9367 0.18213 1.2235 2.6583 0.75248 -1.0109 -1.9813 -0.27865
0.22016 1.3714 1.3587 0.25773 0.38516 0.88316 0.096451 2.5461 0.053995 -1.0619 -2.164 -0.45301
0.39354 1.24 1.4232 0.29249 0.38017 0.92137 -0.53689 2.1397 -0.39192 -1.419 -1.977 -0.41668
0.58029 1.2074 1.5296 0.43525 0.59942 1.2192 -0.63989 1.6374 -0.62021 -1.5247 -1.8054 0.21926
0.57218 1.4671 1.1999 0.24614 0.27494 1.9902 -0.70363 1.1831 -0.98988 -1.3923 -1.5701 -0.14587
0.65861 1.2888 1.2338 0.65003 0.33117 1.6015 -0.52231 1.0509 -0.85106 -1.723 -0.99735 0.29455
0.76538 0.60039 1.2219 1.1133 0.46937 1.3274 -0.3945 1.4772 -0.59701 -1.7576 -0.65637 0.15728
0.57345 0.24288 1.3805 1.1094 0.4865 1.4908 -0.37454 0.89194 0.021092 -0.81984 -0.23296 0.27359
-0.031855 0.47151 0.82392 1.9658 -0.24845 1.9223 -0.10031 0.29475 0.26306 0.010423 -0.44907 1.0896
-0.19585 0.67758 0.8897 2.0033 -0.49483 1.9639 -0.078656 0.16693 0.069277 -0.16936 0.083997 0.74283
0.50474 0.45869 1.8086 0.94413 0.46396 1.0267 0.65453 -0.84915 0.28921 -0.26003 0.32205 0.90144
           
0.72855 1.6531 1.4962 -0.85374 0.69929 -0.70897 -0.59122 2.3448 -0.86966 -1.1225 0.017272 -1.4307
0.44393 1.1451 0.90717 -0.07684 0.16187 -0.6281 -0.54436 2.4248 -0.461 -0.94835 0.04971 -0.83246
0.90097 1.0625 1.1411 -0.38359 0.61071 -0.89909 -0.28092 2.1365 -0.13339 -1.1949 0.12175 -0.48514
1.7056 1.3984 1.4509 -1.1562 1.1716 -1.4506 -0.86471 0.86247 -0.26425 -1.2237 -0.4425 -0.34258
2.0239 1.2848 1.4428 -1.446 1.248 -1.1304 -1.6406 0.50367 -0.68864 -0.95581 0.16455 -0.65287
1.6288 1.3099 1.4437 -0.9407 1.0439 -0.67262 -1.3174 0.80632 -0.86575 -0.82842 1.0304 -0.40929
1.0647 1.2784 1.1309 0.044817 0.87669 -0.73828 -1.3633 1.1175 -0.74918 -0.71781 0.73235 0.1644
1.5628 1.1087 1.048 -0.29688 1.24 -0.67169 -1.5937 0.79179 -0.87876 -1.1088 0.77911 -0.41421
1.6768 1.2356 0.52174 -0.051134 1.1545 0.13353 -1.4431 0.51055 -1.3555 -1.0937 0.7068 -0.34367
1.556 1.4196 0.58187 0.1749 1.0619 0.29556 -0.84621 0.30546 -1.8284 -1.0793 0.62636 0.4106
1.6256 1.2229 0.82085 0.023365 1.382 0.36638 -0.81984 0.2249 -1.6325 -0.87649 0.52127 0.3973
1.6897 0.82814 0.95509 0.061979 1.0896 0.66335 -0.93718 -0.031764 -0.95128 -0.74902 0.6393 0.11129
1.2897 0.68216 1.056 0.75875 0.61016 0.86592 -0.97966 0.31879 -0.61398 -0.87886 1.1585 0.20406
0.9693 0.5245 1.4143 0.85363 1.1477 0.6562 -0.63602 0.80686 -0.57307 -1.2161 1.5363 0.51743
0.57359 0.068938 1.0064 1.2462 0.94128 0.27711 -0.86147 1.0144 -0.25522 -0.5375 1.4472 -0.3142
0.30675 0.20078 1.2922 1.3951 0.89816 0.56391 -0.91508 0.98293 0.0088986 -0.86192 1.2935 -0.21597
           
0.30479 1.5406 1.8339 0.45398 0.30195 0.16876 1.0005 2.2235 0.2784 -1.0142 -0.035234 1.0995
0.44487 1.3698 1.3029 0.64107 0.58332 0.27173 1.3784 1.5511 -0.078782 -1.0663 -0.11393 1.5514
0.48311 1.0011 0.61355 1.151 0.25599 1.1303 1.2316 1.4097 -0.35697 -0.24602 -1.5137 1.5298
0.45906 0.75523 0.48325 1.0436 0.31575 2.0494 0.52892 1.6443 -0.67816 0.81032 -3.3245 0.80838
0.54186 1.0585 0.79239 0.87716 0.3738 1.6217 0.45298 1.041 -0.7231 0.59596 -2.897 0.74919
0.58389 1.2399 1.9077 0.45247 0.017713 1.0335 0.92551 -0.46716 -0.38405 -0.13401 -0.66616 1.6318
0.66326 1.1142 2.0206 0.96314 0.39506 0.20868 1.6077 -0.59647 -0.26942 -0.469 -0.38708 2.263
0.68409 1.1557 1.6979 1.3666 0.53154 0.22715 1.5319 -0.54498 -0.33568 -0.26734 -0.014377 1.9618
0.63294 1.4748 1.8348 1.237 0.70169 0.53831 0.89469 -0.63656 -0.0080554 -0.91361 0.81541 1.5221
0.21471 1.2028 1.9223 1.6436 0.50561 1.3503 0.72254 0.049061 0.26609 -0.87804 0.3916 1.6675
-0.16708 0.90391 2.1044 2.2189 0.0013177 1.9351 0.51142 0.8303 0.32599 -0.74529 -0.22514 1.7209
-0.2544 1.1489 2.1123 2.16 -0.27879 1.9363 0.10056 0.87212 0.13745 -0.8136 -0.32279 0.74654
-0.088105 1.301 2.0978 1.6173 -0.23709 1.8274 -0.278 0.1855 0.13698 -0.56485 -0.49674 -0.049206
           
0.56196 0.7575 1.4192 0.35653 -1.1441 -0.29276 0.69114 1.0023 0.2254 -0.93792 -2.1965 0.4629
0.19476 0.9622 1.7141 0.94885 -1.2284 -0.50149 0.027113 0.58148 -0.033189 -0.11743 -1.4092 1.8947
0.2587 0.85241 1.4361 0.87083 -1.466 0.43725 0.083028 0.63765 0.085086 -0.52835 -1.0449 1.4137
0.41018 0.53169 1.4902 0.378 -0.90337 1.0652 0.15983 0.43477 0.61707 -0.52867 -0.30366 1.5576
0.4185 0.46676 1.1335 0.53553 -0.19504 1.6385 1.0259 0.84661 0.96304 -0.5228 -0.28125 1.5523
0.079075 0.83683 0.72075 1.7187 -0.56875 1.9158 1.0549 1.2842 0.57169 -0.59903 -0.58018 1.4247
0.033522 0.73358 1.6007 1.4854 0.083227 1.4121 0.89022 1.2328 0.80617 -1.1903 -0.20846 1.6766
-0.3225 0.86971 1.6074 1.8486 -0.33627 2.1813 -0.17794 1.683 0.51466 -1.0496 -0.20948 1.35
-0.44325 0.96427 1.5764 2.1136 -0.76101 2.1896 -0.5294 1.461 0.31487 -0.56595 -0.11079 0.77568
-0.21245 0.80753 1.8583 1.5735 -0.34072 2.7088 -0.26857 0.92213 0.29445 -0.14842 0.82466 0.47289
0.10778 0.38899 2.4559 1.2031 0.047409 2.5051 0.51983 0.57726 0.57448 -0.049749 1.4601 -0.018761
0.26769 0.41447 2.7082 1.0076 0.51066 1.8064 0.6322 0.88258 0.23374 -0.2881 1.1482 -0.79832
0.27232 0.63335 3.0396 0.27468 1.1211 1.502 -0.49518 0.80276 0.35912 -0.8429 0.96408 -1.3599
0.2331 0.54373 3.1256 0.41067 0.92984 1.1769 -0.52864 0.60623 0.40184 -0.89022 1.2299 -1.8013
