0.27756 -0.61816 0.16861 -0.41828 -1.4333 -1.1962 1.4668 -0.43406 1.6866 -0.14777 -1.8773 0.56849
0.55282 -0.41615 0.35341 -1.042 -0.9505 -0.9816 1.2244 -0.74024 1.5494 -0.048723 -2.3674 0.66401
0.96467 -0.43267 0.047187 -1.1127 -0.42894 -1.1392 1.2374 -1.1494 1.6808 -0.42596 -2.736 0.60226
0.80612 -0.38716 -0.32223 -0.74798 -0.52476 -0.80323 1.1642 -0.94953 1.3918 -1.1316 -2.2102 0.28104
0.67017 -0.74421 -0.26898 -0.99279 -0.064263 -0.61813 1.5849 -1.1763 1.7844 -1.195 -2.4812 0.62614
1.0507 -0.7779 -0.59133 -1.0948 0.53589 -0.89168 1.543 -1.9081 1.896 -1.5879 -2.3675 0.82131
0.79981 -1.3615 -1.0561 -0.4846 0.23259 -0.13033 0.66427 -1.1024 1.0744 -1.2198 -2.6213 0.62517
0.88321 -1.9182 -0.66135 -0.63023 0.31413 0.64599 -0.16446 -0.51835 0.70267 -1.1878 -2.3019 0.46806
0.64682 -1.8506 -0.27821 -0.75271 0.30155 0.86482 -0.6581 -0.60835 0.39523 -1.0503 -1.4737 0.5703
0.10887 -1.6762 -0.20475 -0.34544 0.20096 0.70833 -0.96307 -0.59553 0.39496 -0.86477 -0.9273 1.0146
-0.11237 -1.6664 -0.024614 -0.12107 0.30342 0.50577 -1.1957 -0.54449 0.53488 -0.67581 -0.47391 1.1128
-0.0064709 -1.826 -0.00019089 0.071639 0.50965 0.46964 -0.91441 -0.28642 0.80789 -0.50753 -0.17186 0.644
-0.050241 -2.072 0.21703 0.24149 0.63805 0.59018 -0.66869 0.045632 0.96341 -0.49091 0.02436 -0.088356
-0.057653 -2.1207 0.37462 0.29856 0.74375 0.39905 -0.71293 0.081443 0.93515 -0.7046 0.059491 -0.62678
-0.059144 -2.0031 0.54753 0.40877 0.77792 0.19736 -0.64894 0.15773 0.81491 -0.69445 0.045657 -1.1121
-0.33194 -2.0162 0.82015 0.21797 0.72403 0.48785 -0.58842 0.34243 0.83992 -0.47049 0.31378 -1.5193
-0.66078 -1.8693 0.89003 0.47827 0.77435 0.69176 -0.29807 0.73906 0.9539 -0.13153 0.24967 -1.7567
-0.66972 -2.0257 1.0949 0.38586 0.94597 0.99732 0.097418 0.98494 1.2406 0.10358 0.15203 -2.1451
           
-1.1439 -1.4521 -0.27597 -0.42349 -1.8088 0.5692 -0.02478 1.5188 1.6913 0.15548 -1.8326 -0.14954
-1.2414 -1.3577 -0.43775 -0.30145 -1.7369 0.621 0.045163 1.4361 1.472 0.046695 -2.0095 0.062662
-0.97784 -1.4266 -0.49076 -0.36478 -1.1752 0.68364 0.158 1.0641 1.2237 -0.33284 -1.4829 0.86887
-0.45088 -1.4228 -0.38125 -0.49154 -0.70902 0.63081 -0.018601 0.64276 0.83712 -0.60251 -1.0913 1.4919
-0.091419 -1.4123 -0.45279 -0.45365 -0.55318 0.47169 -0.10747 0.22596 0.71803 -0.89 -1.232 1.6851
0.46786 -1.6612 -0.4574 -0.5711 -0.35573 0.53645 -0.32356 -0.12831 0.56276 -1.2413 -1.0244 1.5037
0.49763 -1.001 -0.44358 -1.0169 0.39655 0.26656 -0.66605 -0.15762 -0.20945 -1.3565 -0.75315 0.91801
0.45451 -0.73942 -0.64168 -1.2043 0.81805 0.010103 -0.632 -0.35683 -0.74903 -1.2176 -0.5021 0.43788
0.5643 -0.64992 -0.85623 -1.0389 1.2255 -0.56595 -1.0198 -0.47556 -1.0286 -1.1017 -0.52791 0.2751
0.71906 -0.57033 -0.998 -0.9506 1.214 -0.78383 -1.2311 -0.80111 -1.2125 -0.5691 -0.26444 0.19978
0.66521 -0.89179 -0.92257 -0.32408 0.75616 -0.75319 -1.0815 -0.82698 -1.0641 -0.20513 -0.057131 0.47504
0.87817 -1.3632 -0.90384 0.25248 0.4099 -0.82139 -0.95866 -0.98328 -0.37472 -0.31297 -0.0059105 0.53918
0.64068 -0.94216 -1.1482 0.43233 0.79347 -0.99857 -1.2158 -0.37573 -1.0456 0.53326 0.30205 -0.31838
0.38673 -1.1839 -0.63297 0.56005 0.76272 -0.527 -0.69811 -0.091372 -0.57255 0.4131 0.46086 -0.44436
0.65724 -1.7726 -0.01566 0.17455 0.93942 -0.26464 -0.49838 -0.1982 0.08333 0.012437 0.31461 -0.90614
0.73878 -1.9899 0.43403 0.07152 0.66882 0.015557 -0.79983 -0.4838 0.60872 -0.58709 0.70291 -1.3652
0.37371 -1.3646 0.53126 0.40606 0.49423 -0.29043 -1.3404 -0.40707 0.23136 -0.39963 0.51935 -1.4057
           
-1.7752 -1.1393 0.66077 -0.68178 -2.0969 0.05224 0.13281 1.9808 0.95485 -0.11886 0.71061 -0.038946
-1.7169 -1.0787 0.44085 -0.4917 -1.9379 0.13667 0.10477 1.9079 0.61126 -0.43613 0.20611 0.13067
-1.5001 -1.2342 0.15669 -0.50391 -1.4949 0.13704 0.11266 1.8352 0.27168 -0.66505 -0.24006 0.12711
-1.338 -1.6231 0.097233 -0.58349 -0.97454 0.11455 0.090376 1.7801 0.35496 -0.99191 -0.98603 0.40191
-1.3124 -1.6309 0.028725 -0.60378 -0.68164 0.0064623 0.065372 1.7015 0.17804 -1.169 -0.89543 0.58481
-1.2708 -1.6478 0.016625 -0.67031 -0.39088 -0.09917 -0.15767 1.5083 0.13142 -1.1733 -0.82418 0.66073
-1.1949 -1.6458 -0.0017576 -0.79744 -0.09424 0.049924 -0.5243 1.1668 0.003114 -0.96586 -0.68169 0.83407
-1.0125 -1.7049 0.008575 -0.76061 0.28409 0.092325 -0.82106 0.95789 -0.11604 -0.93096 -0.44529 1.1432
-0.83873 -1.6736 -0.096902 -0.7519 0.60506 0.067245 -0.87043 0.79076 -0.20735 -1.0478 -0.2723 0.92255
-0.76631 -1.7226 -0.14629 -0.73428 0.76735 0.098681 -0.89112 0.577 -0.26323 -1.2041 -0.19585 0.59155
-0.91169 -1.6036 -0.098409 -0.57706 0.66452 -0.018229 -1.002 0.32799 -0.38979 -1.0217 0.20039 0.5456
-0.82998 -1.7284 -0.066822 -0.57231 0.84764 -0.14769 -1.1831 0.28639 -0.4771 -0.7401 0.51232 0.39205
-0.95504 -1.8136 0.031557 -0.49932 0.90112 -0.086804 -1.385 0.37289 -0.36176 -0.59963 0.91553 0.083843
-1.0836 -1.7669 0.11492 -0.33217 1.0335 -0.13817 -1.2321 0.6048 -0.26309 -0.57025 0.92981 -0.44264
-1.3454 -1.5724 0.23049 0.012922 0.93124 -0.24558 -1.176 0.8102 -0.25205 -0.49254 0.74024 -0.9395
-1.4374 -1.7132 0.38298 0.16284 1.0988 -0.3135 -1.0999 1.0411 -0.17214 -0.70232 0.45581 -1.4874
           
-1.8537 -0.31627 0.12273 -0.4289 -2.1441 0.34006 -0.42372 2.0453 0.58241 0.40916 0.75552 0.84211
-1.6384 -0.62465 0.127 -0.58633 -1.7011 0.2618 -0.14085 1.9358 0.66858 0.015378 0.29766 0.73542
-1.1817 -1.078 0.17064 -0.97267 -0.96671 0.022491 -0.01917 1.6068 0.68102 -0.25176 -0.3792 0.63492
-0.8909 -1.2872 -0.020626 -1.1638 -0.40145 0.033472 -0.26331 1.2578 0.46592 -0.53454 -1.1129 0.63497
-0.73571 -1.4805 -0.1865 -1.1115 -0.070765 0.04779 -0.40492 0.80005 0.45594 -0.47877 -1.345 1.0798
-0.89402 -1.3834 -0.27885 -0.93664 0.12575 0.025471 -0.51752 0.57522 0.30989 -0.58722 -1.5911 1.2953
-0.98689 -1.2479 -0.30654 -0.76907 0.34738 -0.028415 -0.58639 0.36085 0.089541 -0.80191 -1.7463 1.3771
-0.95822 -1.2611 -0.31711 -0.60222 0.68329 -0.1632 -0.68998 0.064168 -0.087261 -0.94371 -1.5597 1.4227
-0.81052 -1.3826 -0.38535 -0.55251 0.93794 -0.32357 -0.84706 -0.12794 -0.21246 -1.0008 -1.0954 1.4479
-0.76626 -1.4151 -0.47465 -0.50959 1.0559 -0.53576 -0.99233 -0.24697 -0.33537 -0.9164 -0.73441 1.2345
-0.8898 -1.2914 -0.40811 -0.52281 1.1583 -0.77482 -1.1907 -0.33847 -0.51934 -0.5531 -0.19324 1.0504
-0.97113 -1.232 -0.35341 -0.41378 1.1525 -1.0099 -1.2777 -0.43281 -0.52203 -0.32331 0.12575 0.9514
-0.98882 -1.1575 -0.3149 -0.26578 1.1211 -1.2287 -1.3162 -0.49447 -0.38899 -0.17573 0.24001 0.69967
-1.0371 -1.1232 -0.23024 -0.1923 1.1606 -1.3214 -1.256 -0.40488 -0.19681 0.14482 0.2548 0.33078
-1.1716 -1.1269 -0.021778 0.062016 1.1777 -1.3284 -1.0841 -0.10729 -0.094486 0.2264 0.14628 -0.15088
-1.3152 -0.98892 0.24114 0.23189 1.1061 -1.4527 -1.1276 0.060701 -0.12423 0.28643 0.078158 -0.38056
-1.4989 -0.96518 0.32424 0.47482 1.1422 -1.3837 -0.9654 0.27335 -0.1109 0.1392 -0.17953 -0.80954
           
-2.3971 -0.31597 0.04619 -0.6994 -1.9429 0.67626 -0.31924 2.6686 0.50727 0.56091 0.64388 0.23317
-2.4335 -0.24916 -0.11589 -0.49059 -1.8144 0.63565 -0.16137 2.4662 0.1128 -0.10532 0.0069351 0.25811
-2.1361 -0.36502 -0.083733 -0.63162 -1.4768 0.54826 -0.17951 2.2732 -0.0097944 -0.22797 -0.17766 0.2703
-2.3807 -0.12794 -0.41959 -0.46523 -1.607 0.78154 -0.44286 2.107 -0.40092 -0.21255 -0.67776 0.23624
-2.3961 -0.036516 -0.49771 -0.38055 -1.473 0.82184 -0.77074 2.121 -0.68061 -0.33246 -1.0989 0.46931
-2.2366 0.01636 -0.4424 -0.19421 -1.141 0.70059 -0.94737 2.0264 -1.0368 -0.50653 -0.81604 1.1046
-2.0336 -0.027563 -0.31355 -0.15668 -0.70595 0.4182 -0.92376 1.6081 -1.2094 -0.51031 -0.19874 1.5792
-1.8447 -0.11959 -0.22372 -0.26849 -0.33772 0.24668 -0.90149 1.2716 -1.3839 -0.41764 0.10683 1.7721
-1.3638 -0.63953 -0.14263 -0.7086 0.31193 0.0059889 -0.86851 0.90749 -1.3245 -0.4279 0.19153 1.4463
-1.0165 -1.0114 -0.2626 -0.98829 0.80953 -0.24029 -1.0701 0.64678 -1.2178 -0.2038 0.61206 0.88167
-1.093 -0.92493 -0.1874 -0.8504 0.87731 -0.31758 -1.4095 0.44061 -1.0697 0.24755 0.9407 0.95812
-1.0491 -1.0572 -0.035709 -0.76559 1.1236 -0.29879 -1.5366 0.44314 -0.87477 0.25514 1.0864 0.61373
-1.1247 -1.1768 -0.0072943 -0.50597 1.3689 -0.29241 -1.3099 0.67151 -0.89043 -0.0091185 0.74875 0.037238
-1.1513 -1.2067 0.038337 -0.34431 1.4222 -0.56296 -1.3286 0.75697 -0.9366 -0.1249 0.39054 -0.80611
-1.3673 -1.1219 0.24087 -0.093719 1.1885 -0.74619 -1.497 0.69671 -0.85863 0.015842 0.10421 -1.3786
           
-1.3145 -0.83299 0.20726 -1.1318 -0.95148 -0.31267 1.3639 1.7232 0.62794 0.22845 0.86631 0.20056
-1.4407 -0.68138 0.16743 -0.8999 -0.872 -0.31043 1.0079 1.5966 0.31083 -0.12647 0.22168 0.65687
-1.5578 -0.46873 0.13676 -0.68141 -0.90184 -0.32027 0.66911 1.4492 -0.001814 -0.34717 -0.2798 1.0634
-1.4334 -0.51953 0.078702 -0.59436 -0.68979 -0.37868 0.57238 1.2507 -0.10701 -0.65711 -0.72445 1.3539
-1.418 -0.64664 0.05929 -0.50135 -0.43293 -0.39775 0.53159 0.94007 -0.0036654 -0.92191 -0.83469 1.6479
-1.1316 -0.86727 0.024237 -0.61763 0.0096323 -0.48703 0.50143 0.49766 -0.023009 -0.92268 -0.56815 2.0375
-0.89612 -0.96678 -0.062249 -0.78224 0.37316 -0.5755 0.23411 0.010734 -0.11587 -0.70968 -0.30617 2.1475
-0.92153 -0.85751 -0.18501 -0.71606 0.576 -0.61107 0.028964 -0.10191 -0.5142 -0.76076 -0.2185 2.2439
-0.85441 -1.0108 -0.18077 -0.68784 0.86046 -0.87871 -0.26451 0.072575 -0.67248 -0.81615 0.079619 2.0039
-0.7854 -1.0804 -0.22727 -0.62278 1.1443 -1.0639 -0.45465 0.097497 -0.77012 -0.6218 0.5356 1.562
-0.79847 -1.1594 -0.29493 -0.53404 1.3832 -1.0585 -0.37371 0.095333 -0.80306 -0.47348 0.82859 1.0139
-0.90238 -1.1696 -0.18721 -0.35545 1.4628 -1.203 -0.4537 0.053011 -0.75429 -0.34922 0.58949 0.53351
-1.0237 -1.0407 -0.11394 -0.17403 1.465 -1.4425 -0.73176 -0.029964 -0.77524 -0.096673 0.36094 0.10141
-1.1769 -0.93336 -0.080989 -0.0086022 1.4253 -1.6486 -0.909 -0.046325 -0.86248 0.12208 0.19917 -0.17572
-1.299 -0.89767 -0.039255 0.093166 1.3982 -1.7883 -0.92308 -0.0052752 -0.90959 0.2917 0.025574 -0.45566
           
-1.9795 -0.79103 0.070338 -1.3187 -1.3423 -0.21148 1.5299 2.5585 0.92376 1.5581 1.647 0.086349
-1.9296 -0.90923 0.11606 -1.2264 -1.0754 -0.23739 1.3686 2.3329 0.99236 1.3036 1.4323 0.80079
-2.2271 -0.66389 -0.13938 -0.76995 -1.0976 -0.10883 1.1762 2.2073 0.8137 1.1582 1.1784 1.4962
-2.2435 -0.72874 -0.39665 -0.49635 -0.81656 -0.1821 1.1635 2.0558 0.75598 0.77736 0.83423 1.8001
-2.1436 -0.66694 -0.62518 -0.35485 -0.45855 -0.1784 0.87271 1.6847 0.55806 0.38645 0.40772 1.9165
-2.0011 -0.68786 -0.6415 -0.32441 -0.14994 -0.38598 0.73654 1.1949 0.14476 -0.082594 0.35154 2.129
-1.7643 -0.84242 -0.6878 -0.44713 0.24587 -0.68961 0.53513 0.63957 -0.043742 -0.38407 0.25917 2.075
-1.5817 -0.98601 -0.68432 -0.48365 0.65187 -0.97858 0.0067613 0.12456 -0.012454 -0.18639 0.28961 2.0126
-1.522 -0.9818 -0.72346 -0.38543 0.85916 -1.153 -0.21536 -0.17869 -0.15084 -0.093796 0.42035 1.973
-1.4835 -1.1024 -0.66393 -0.24853 1.0427 -1.4117 -0.36766 -0.29066 -0.16495 -0.068179 0.50469 1.8242
-1.4833 -1.1804 -0.4703 -0.050231 1.1383 -1.8186 -0.76285 -0.35285 -0.067742 0.11266 0.5852 1.4938
-1.5674 -1.2434 -0.39018 0.13527 1.1011 -1.9899 -0.69975 -0.34204 -0.061331 0.41589 0.53814 1.0923
-1.7194 -1.0598 -0.33604 0.422 1.1101 -2.0779 -0.64476 -0.16713 -0.28575 0.57893 0.18012 0.39478
-1.9018 -0.93953 -0.29966 0.60125 1.1131 -2.0992 -0.48225 -0.055657 -0.57142 0.75729 -0.069163 -0.36539
-2.0953 -0.81043 -0.12665 0.64812 0.94826 -2.0063 -0.44546 -0.11467 -0.80781 0.88872 -0.19411 -0.84257
           
-1.7263 -0.099001 0.31052 -1.0139 -1.0745 -0.80437 0.95348 1.6805 -0.062164 0.016136 0.363 -0.26207
-1.5519 -0.21254 0.26529 -0.97359 -0.69523 -0.89963 0.82445 1.6502 -0.29821 -0.64965 -0.052728 -0.13477
-1.5223 -0.24699 0.18084 -0.82498 -0.54599 -0.92591 0.7749 1.5976 -0.53967 -1.0793 -0.090255 0.12385
-1.3098 -0.31463 -0.027968 -0.91606 -0.29511 -0.89531 0.74458 1.3418 -0.66141 -1.1655 0.0023317 0.18172
-1.3917 -0.24294 -0.20264 -0.71479 -0.21103 -0.74067 0.46922 1.1066 -0.794 -1.2253 -0.053506 0.57163
-1.3733 -0.21473 -0.23133 -0.63083 0.0019728 -0.70992 0.13898 0.9244 -1.0605 -1.0453 0.089837 1.0445
-1.3434 -0.25466 -0.31723 -0.59931 0.23929 -0.70492 -0.012745 0.80276 -1.3397 -0.79588 0.13985 1.2836
-1.2524 -0.56286 -0.3912 -0.58649 0.51397 -0.84361 -0.080746 0.62792 -1.3222 -0.69735 0.22549 1.2377
-1.0658 -0.72734 -0.47033 -0.67972 0.8512 -0.90334 -0.30781 0.41445 -1.4164 -0.4344 0.50504 1.3337
-0.97532 -0.76433 -0.49642 -0.68755 1.0149 -0.89479 -0.47453 0.29805 -1.5433 -0.16522 0.69855 1.2761
-0.99607 -0.84321 -0.50323 -0.60349 1.1907 -0.91628 -0.46314 0.28399 -1.4894 0.0016389 0.82223 1.1374
-1.0433 -0.9839 -0.47156 -0.39348 1.3614 -1.0225 -0.34926 0.25514 -1.3336 -0.027936 0.71581 0.7046
-1.1525 -1.0088 -0.35098 -0.15541 1.3855 -1.1624 -0.38869 0.12688 -1.1997 0.21311 0.64039 0.47262
-1.2702 -0.995 -0.31011 0.025325 1.3738 -1.2206 -0.4132 0.045376 -1.2385 0.42653 0.44302 0.31846
-1.354 -0.94006 -0.30839 0.10058 1.3723 -1.3459 -0.54548 0.09024 -1.3182 0.47371 0.24647 0.00035281
-1.4308 -0.94956 -0.29769 0.25861 1.3067 -1.5408 -0.59688 0.15551 -1.2855 0.46662 0.11435 -0.23639
-1.4343 -0.91067 -0.25031 0.29985 1.2882 -1.739 -0.5886 0.15069 -1.2018 0.47932 0.016449 -0.58882
-1.4774 -0.84385 -0.17749 0.29943 1.267 -1.7816 -0.53263 0.098032 -1.0715 0.68338 -0.063184 -0.90379
           
-1.9633 -1.3041 0.069791 -0.53387 -1.5047 0.70936 0.50516 1.7535 0.7877 0.06224 -0.49545 1.615
-1.0527 -1.1645 0.13604 -0.79015 -1.0434 0.46277 0.21179 1.3172 0.57079 -0.031802 -0.37402 1.9274
0.36982 -1.251 -0.21648 -0.88233 -0.44151 -0.31372 0.40516 0.22104 0.82428 -0.45839 -0.21094 2.2043
0.61203 -1.3586 -0.28643 -0.79216 -0.34922 -0.19284 -0.05008 0.24719 0.64297 -0.52192 0.12169 1.884
0.31542 -1.2788 -0.35437 -0.7967 0.043774 -0.36238 -0.27787 0.28523 0.24757 -0.061253 0.024518 1.813
0.31199 -1.6438 -0.23177 -1.1913 0.25132 0.022089 -0.41192 0.084192 0.24066 0.062343 0.34321 1.7858
0.19613 -1.8258 -0.27281 -1.2605 0.34351 0.22833 -0.51599 -0.050248 0.16484 -0.0098904 0.59157 1.7236
-0.05672 -1.8457 -0.36996 -0.9436 0.47174 -0.067715 -0.63107 -0.11381 0.079096 0.042274 0.56176 1.8195
-0.22639 -1.6788 -0.23493 -0.83335 0.57834 -0.24248 -0.81657 -0.23714 -0.01809 0.12276 0.87442 1.8173
-0.1343 -1.5742 -0.12167 -0.72474 0.61844 -0.33497 -0.85036 -0.4103 -0.11635 0.15088 1.0118 1.361
-0.14372 -1.4866 -0.021234 -0.56672 0.55169 -0.42706 -0.98956 -0.48682 -0.28608 0.3237 1.1287 0.6835
-0.37565 -1.3479 0.069252 -0.57253 0.63439 -0.59929 -1.2058 -0.48362 -0.42447 0.34554 1.2795 0.33084
-0.34026 -1.2489 0.13869 -0.56426 0.60244 -0.82046 -1.3604 -0.59757 -0.48947 0.37669 1.3132 -0.0030744
-0.3101 -1.2231 0.16636 -0.31297 0.37314 -0.97973 -1.4032 -0.68274 -0.46231 0.51332 1.1887 -0.2542
-0.43359 -1.1486 0.31539 -0.13799 0.13314 -0.90265 -1.4605 -0.63851 -0.42485 0.69802 1.2339 -0.52571
-0.50035 -1.1879 0.5134 -0.084359 0.18827 -0.75743 -1.295 -0.4229 -0.2395 0.82741 1.195 -0.82719
-0.59186 -1.288 0.5519 0.16277 0.34698 -0.60079 -0.91414 -0.093837 -0.045543 0.81471 0.86723 -1.1537
-0.79392 -1.3155 0.56505 0.23834 0.34505 -0.49931 -0.77769 -0.052216 -0.040511 0.68975 0.52944 -1.5094
           
-1.3009 0.18256 0.51525 -1.2761 -1.2504 -1.0213 0.80508 1.256 -0.12896 0.17289 1.326 -0.10184
-1.178 0.23974 0.42239 -1.1064 -1.2649 -0.92805 0.82112 1.1843 -0.1776 0.065191 1.1737 0.099747
-0.8724 -0.046045 0.30954 -1.259 -0.83643 -0.87512 0.95376 1.0248 -0.26728 -0.27936 0.84068 0.13809
-0.6788 -0.36972 0.05162 -1.1222 -0.61488 -0.84411 0.99965 1.0328 -0.3235 -0.81759 0.41262 0.069777
-0.55671 -0.48113 -0.15384 -1.0757 -0.403 -0.88367 0.99982 0.80088 -0.40617 -1.125 0.33363 0.14239
-0.5738 -0.49182 -0.31083 -0.85402 -0.27433 -0.9709 0.88549 0.62745 -0.43888 -1.3183 0.10048 0.49019
-0.26672 -0.64932 -0.28533 -0.87641 0.081502 -1.0521 0.71319 0.48156 -0.55749 -1.2935 -0.020147 0.96249
-0.00301 -0.64418 -0.32243 -0.73539 0.30765 -1.0725 0.52171 0.18618 -0.74744 -1.2106 -0.055128 1.3447
0.10047 -0.44774 -0.33779 -0.59718 0.48719 -0.99487 0.14452 0.035604 -1.0709 -1.1468 -0.14041 1.3299
0.19328 -0.55458 -0.36398 -0.58739 0.67568 -0.84891 -0.060178 -0.11267 -1.1588 -1.1412 -0.24994 1.2383
0.31263 -0.72527 -0.55755 -0.55686 0.84108 -0.99492 -0.15624 -0.3575 -1.0924 -1.0307 -0.1967 1.1483
0.38558 -0.82201 -0.6632 -0.54392 0.95817 -1.2314 -0.36376 -0.63565 -1.0031 -0.64603 -0.030546 1.1048
0.26279 -0.78716 -0.58635 -0.56129 1.0814 -1.336 -0.61605 -0.76452 -0.96327 -0.3302 0.30826 0.96996
0.10287 -0.79627 -0.42648 -0.43472 1.1252 -1.2878 -0.74476 -0.83007 -0.75144 -0.087518 0.52141 0.97929
-0.064178 -0.70111 -0.23829 0.028557 1.0633 -1.1354 -0.70256 -0.66967 -0.58851 0.32042 0.34099 1.0126
-0.24674 -0.84251 -0.020717 0.28236 0.99267 -0.6803 -0.51631 -0.34906 -0.45661 0.56694 -0.10337 0.58183
-0.45384 -0.88223 0.14536 0.29391 0.81239 -0.56418 -0.5547 -0.26274 -0.51758 0.67238 -0.36452 -0.0097109
-0.62541 -0.85051 0.23681 0.34831 0.67615 -0.64071 -0.42936 -0.2431 -0.59946 0.735 -0.51162 -0.52783
-0.78291 -0.78635 0.32369 0.481 0.61375 -0.76093 -0.26518 -0.22728 -0.62052 0.71719 -0.57397 -0.92572
-0.94855 -0.8662 0.42697 0.55091 0.71258 -0.79843 -0.13543 -0.084013 -0.51295 0.58157 -0.60923 -1.1945
-1.1345 -0.80918 0.50269 0.65705 0.64848 -0.77327 -0.031602 0.039519 -0.55219 0.57901 -0.72934 -1.354
           
-1.6694 -0.2303 0.42327 -1.5318 -1.0054 -0.12316 0.7577 1.4788 -0.59296 0.2947 1.0987 -0.36857
-1.6126 -0.18827 0.39848 -1.4361 -0.83841 -0.047237 0.62894 1.558 -0.81571 0.18655 1.3 -0.031416
-1.5269 -0.36471 0.29475 -1.4164 -0.68227 -0.077135 0.696 1.5232 -0.97475 -0.0066968 1.2744 -0.16175
-1.3242 -0.62708 0.10069 -1.4537 -0.40413 -0.15594 0.65836 1.389 -1.164 -0.29402 1.2023 -0.29834
-1.3062 -0.66152 0.01665 -1.3379 -0.19429 -0.18434 0.38047 1.3044 -1.4361 -0.57764 1.0079 0.011703
-1.1729 -0.76234 -0.14983 -1.306 0.065488 -0.18142 0.2747 1.1072 -1.7199 -0.57928 1.1423 0.12536
-1.011 -0.81091 -0.18925 -1.2122 0.32889 -0.18264 0.087847 0.90717 -1.843 -0.65419 1.1733 0.27703
-0.79621 -0.84681 -0.1846 -1.1402 0.66177 -0.22771 -0.14349 0.69606 -1.8636 -0.68107 1.3035 0.21366
-0.5962 -0.70633 -0.16238 -1.1036 0.84666 -0.44751 -0.52545 0.41997 -2.0324 -0.36413 1.5826 0.091163
-0.57653 -0.68589 -0.12687 -1.0726 0.95216 -0.59169 -0.78029 0.19457 -2.0713 -0.14169 1.7101 -0.078118
-0.58046 -0.82983 -0.25376 -0.99152 1.0324 -0.70677 -0.91973 0.066986 -1.846 0.067346 1.3657 -0.46137
-0.59494 -0.78454 -0.11224 -0.79443 0.88804 -0.78689 -1.1879 -0.16855 -1.5198 0.55428 1.1507 -0.70561
-0.61545 -0.74961 0.14569 -0.5301 0.83827 -0.73084 -1.1327 -0.14789 -1.1743 0.95324 1.0188 -0.85717
-0.71824 -0.81786 0.15964 -0.3398 1.1036 -0.60292 -0.69253 0.20925 -0.93876 0.97726 0.75433 -1.2977
-0.88315 -0.59742 0.3208 -0.25821 0.97766 -0.68382 -0.67427 0.12247 -1.0562 1.1921 0.60191 -1.5294
-1.1195 -0.65472 0.32408 -0.10703 0.93255 -0.48236 -0.37172 0.24305 -1.0974 1.1754 0.19603 -1.9239
-1.3765 -0.76022 0.32638 0.15076 0.88217 -0.35053 -0.16638 0.41273 -1.0484 1.1161 -0.25656 -2.1995
           
-1.2181 -0.64841 0.18023 -1.1266 -0.42586 0.024262 0.46305 1.3376 -0.79499 -1.4297 -0.040243 0.29549
-1.0264 -0.75013 0.17136 -1.1227 -0.25572 0.018729 0.42824 1.2516 -0.88607 -1.5847 -0.002085 0.26735
-0.89078 -0.87434 0.080582 -1.0337 0.023513 -0.045918 0.26402 1.114 -0.95561 -1.6129 0.070997 0.26103
-0.73837 -0.89219 0.0678 -0.98182 0.32033 -0.14148 -0.063081 0.85198 -1.1487 -1.4715 0.45986 0.36193
-0.75316 -0.70839 0.065239 -0.91161 0.45993 -0.22144 -0.47081 0.52084 -1.5822 -1.0982 1.1244 0.64363
-0.72338 -0.70372 -0.046875 -1.0074 0.6721 -0.38094 -0.56357 0.27329 -1.8765 -0.79664 1.5956 0.59234
-0.71791 -0.76963 -0.17215 -0.94206 0.78778 -0.57769 -0.57254 0.10875 -1.8291 -0.5776 1.6096 0.3587
-0.80666 -0.70056 -0.092695 -0.70361 0.7795 -0.81297 -0.74312 -0.094579 -1.5938 0.040394 1.7127 0.1253
-1.09 -0.78611 0.028689 -0.36368 0.9952 -0.72283 -0.60953 0.19196 -1.3205 0.49239 1.3302 -0.50392
-1.467 -0.86204 0.11141 0.019583 1.2046 -0.6135 -0.42773 0.60015 -1.2294 0.46728 0.66704 -1.2057
-1.5444 -0.84384 0.26723 0.1086 1.159 -0.71434 -0.52807 0.65767 -1.1979 0.49493 0.23174 -1.778
-1.5247 -0.65294 0.47164 0.20965 0.95238 -0.98867 -0.65552 0.53872 -1.1855 0.63272 -0.22891 -2.1996
-1.5039 -0.57541 0.54204 0.26084 0.8628 -1.0749 -0.63639 0.4395 -1.1205 0.8423 -0.52186 -2.4928
           
-1.593 -0.21447 -0.24194 -0.65559 -1.1562 -0.20746 0.72862 1.699 0.033401 -0.12165 0.51048 0.17128
-1.3508 -0.52778 -0.096881 -0.87351 -0.68874 -0.28033 0.51875 1.4111 -0.025011 -0.28999 0.10831 0.48238
-1.1528 -0.70089 -0.07122 -1.0893 -0.14554 -0.29631 0.25394 1.2165 -0.15824 -0.63125 -0.2521 0.69376
-1.1638 -0.66942 -0.1345 -0.97852 0.099091 -0.28543 0.056383 1.1261 -0.35448 -0.89507 -0.30845 0.88859
-1.0411 -0.76099 -0.24249 -0.87242 0.36438 -0.42509 -0.13362 0.99926 -0.54721 -1.2538 -0.36694 0.87381
-0.9737 -0.70336 -0.30369 -0.75189 0.53012 -0.5329 -0.42431 0.76301 -0.72339 -1.262 -0.2907 0.97296
-0.60212 -0.98322 -0.44799 -0.97499 1.0462 -0.84958 -0.59752 0.37833 -0.83378 -0.99846 0.084265 0.87608
-0.52815 -0.99776 -0.5593 -1.0674 1.3063 -0.97599 -0.94983 0.056738 -1.027 -0.5341 0.44809 0.86364
-0.50962 -0.92178 -0.61415 -1.0832 1.4582 -1.0643 -1.2518 -0.12662 -1.1428 -0.16457 0.73711 0.8016
-0.4218 -0.80215 -0.52734 -0.99003 1.5262 -1.0976 -1.5806 -0.065351 -1.1571 0.014948 0.98113 0.44024
-0.51775 -0.85308 -0.45026 -0.67002 1.4925 -0.99982 -1.5659 0.17597 -0.95137 0.12128 0.91072 -0.24868
-0.57577 -1.0898 -0.32159 -0.42768 1.6451 -1.0591 -1.3696 0.45902 -0.82148 -0.084071 0.2927 -1.1667
-0.77194 -1.1981 -0.15132 -0.16183 1.6474 -1.1876 -1.293 0.58175 -0.74677 -0.11343 -0.24292 -1.6185
           
-1.5296 -0.80482 0.40745 -1.7773 -1.4527 0.20526 0.84538 2.3354 0.5924 1.2523 2.2038 -0.83367
-1.6214 -0.86913 0.39571 -1.6663 -1.4656 0.23765 0.70043 2.2191 0.37101 0.90087 1.8276 -0.82637
-1.497 -1.0156 0.35439 -1.6135 -1.2621 0.18867 0.57574 2.1933 0.24274 0.52132 1.6722 -0.51711
-1.2729 -1.1024 0.35179 -1.5046 -1.0672 0.11976 0.35551 1.9987 0.16927 0.23554 1.5215 0.043194
-1.1734 -0.85875 0.21003 -1.5268 -0.82981 0.14639 0.26138 1.7322 -0.25981 0.30428 1.3851 0.3632
-1.0619 -0.6126 0.12583 -1.4248 -0.53006 0.18902 0.10039 1.5111 -0.55158 0.21126 1.2322 0.9968
-0.74199 -0.76174 0.075557 -1.46 -0.097831 0.18583 -0.049855 1.3768 -0.65316 -0.18907 0.99934 1.0301
-0.53138 -0.94001 -0.097452 -1.4992 0.34753 0.105 -0.090127 1.2164 -0.89303 -0.57746 0.7553 0.73133
-0.43928 -0.90411 -0.17762 -1.3926 0.7109 -0.092501 -0.39468 0.96284 -1.2312 -0.8178 0.77399 0.75319
-0.55794 -0.82938 -0.16741 -1.2443 0.89327 -0.13628 -0.71604 0.72653 -1.4977 -0.76434 0.79653 0.42622
-0.7348 -0.71741 -0.064916 -0.9413 0.90514 -0.29815 -1.1148 0.41513 -1.6187 -0.46829 0.98146 0.30014
-0.70329 -0.74487 0.0097527 -0.80603 0.94153 -0.5124 -1.3562 0.24798 -1.6677 -0.3712 1.1057 0.086869
-0.7307 -0.69225 0.081704 -0.54582 0.79519 -0.73872 -1.4777 0.24389 -1.578 -0.23969 1.0469 -0.38107
-0.86764 -0.47438 0.25543 -0.23759 0.69131 -0.85 -1.5941 0.23541 -1.3798 0.41643 1.059 -0.70373
-0.90086 -0.45088 0.51994 -0.0052599 0.98018 -0.55705 -1.2462 0.58608 -1.014 0.5413 0.96306 -1.3307
-0.95293 -0.6145 0.72333 0.023911 1.0543 -0.46194 -1.0772 0.70687 -0.8193 0.34627 0.6604 -2.0136
-1.2792 -0.57755 0.77997 0.35423 0.85926 -0.51701 -1.0293 0.76364 -0.82867 0.45458 0.12356 -2.1073
           
-1.8409 0.019609 -0.34234 0.11825 -0.39866 0.21289 0.1182 0.73354 -0.41828 -2.1823 -2.0935 0.873
-1.4631 0.003031 -0.14331 0.060978 -0.03319 -0.086692 0.044469 0.37096 -0.76918 -2.2206 -1.3738 1.1586
-1.1895 -0.09884 -0.02334 -0.21915 0.33216 -0.078193 -0.15927 0.15535 -1.1923 -1.6898 -0.70456 1.2317
-1.0409 -0.22231 0.07124 -0.37848 0.65189 0.070744 -0.23467 0.17349 -1.3916 -1.2484 -0.23647 1.1536
-0.94885 -0.58133 0.16045 -0.36303 1.1063 0.44632 -0.13105 0.52717 -1.109 -0.99462 -0.11527 0.72755
-0.92038 -0.91588 0.18276 -0.2187 1.4773 0.37549 -0.16889 0.67003 -0.76398 -0.9748 -0.32117 0.13037
-1.0014 -0.93137 0.26751 0.10391 1.5347 -0.18465 -0.44494 0.60068 -0.54094 -0.72026 -0.41803 -0.20927
-1.1176 -0.8479 0.3527 0.34462 1.5187 -0.49741 -0.70458 0.56334 -0.46125 -0.45898 -0.4479 -0.39517
-1.2667 -0.60666 0.33696 0.59236 1.3957 -0.70769 -0.89602 0.5129 -0.4848 -0.15343 -0.68443 -0.43179
-1.1513 -0.7314 0.33752 0.55929 1.6143 -0.84116 -0.80674 0.76934 -0.3389 0.039931 -0.75514 -0.75781
-1.2063 -0.8862 0.3459 0.73547 1.7598 -0.80232 -0.50073 1.2214 -0.030707 0.26616 -0.81828 -0.92525
-1.3864 -0.91703 0.35329 1.0208 1.6682 -0.69875 -0.25276 1.5147 0.12019 0.46504 -0.94121 -0.9343
-1.4559 -0.97307 0.44044 1.039 1.5614 -0.69746 -0.28604 1.5836 0.12212 0.40342 -0.93524 -1.1055
-1.495 -1.0137 0.50647 0.90517 1.5113 -0.74745 -0.4111 1.5932 0.013418 0.36659 -0.8272 -1.3663
-1.6709 -0.89986 0.50932 0.88962 1.3895 -0.8654 -0.47875 1.5099 -0.11032 0.42935 -0.77597 -1.3708
           
-1.3666 -0.50485 0.50646 -1.4873 -1.3874 0.19091 0.55394 1.7096 0.2511 0.91828 1.5736 0.22788
-1.1259 -0.63195 0.43306 -1.3176 -1.017 0.20326 0.67403 1.5871 0.24065 0.4868 1.0229 0.77191
-1.1484 -0.77445 0.2097 -1.0845 -0.67566 0.25673 0.64633 1.6694 0.11633 -0.23291 0.44576 0.81981
-1.0119 -1.0332 0.045597 -1.148 -0.30395 0.40292 0.50075 1.4705 -0.087109 -0.57063 -0.14198 0.71062
-0.82099 -1.1903 -0.087273 -1.1591 0.075886 0.37495 0.19112 1.2475 -0.18626 -0.78478 -0.59222 0.75636
-0.59467 -1.3585 -0.19379 -1.1172 0.51697 0.22983 -0.073114 0.98733 -0.27603 -0.93907 -0.61975 0.8496
-0.42322 -1.4528 -0.30526 -1.1543 0.84267 0.16278 -0.51111 0.59962 -0.50049 -0.79288 -0.14489 0.7285
-0.33916 -1.3608 -0.34777 -1.128 0.97017 0.071914 -1.0282 0.11525 -0.61796 -0.4511 0.096393 0.94229
-0.39189 -1.3446 -0.39862 -1.0669 1.0568 -0.11499 -1.2216 -0.049114 -0.69315 -0.29565 0.22443 0.85322
-0.45307 -1.503 -0.38965 -0.79634 1.0827 -0.47118 -1.2476 -0.1017 -0.5363 -0.036416 0.23347 0.78022
-0.55347 -1.457 -0.22545 -0.37073 1.0719 -0.83155 -1.3388 0.0027091 -0.33259 0.3025 0.084816 0.55691
-0.79796 -1.2278 -0.037532 -0.18749 1.1826 -0.95196 -1.338 0.26083 -0.37914 0.49343 0.1762 -0.067264
-1.0199 -1.1988 0.056678 -0.10836 1.196 -0.9325 -1.0797 0.31285 -0.52677 0.51439 0.19279 -0.65525
-1.1469 -1.1919 0.16055 0.050298 1.0312 -0.95786 -0.81729 0.29083 -0.59405 0.53385 0.019447 -0.98684
-1.3355 -1.215 0.21537 0.22757 0.9702 -1.0336 -0.67552 0.29234 -0.59872 0.59414 -0.27434 -1.1266
-1.5782 -1.1262 0.24869 0.43951 0.82316 -1.1381 -0.65698 0.31964 -0.66003 0.72476 -0.45877 -1.2078
           
-1.7498 -1.1641 0.26884 -1.4639 -1.0661 0.77056 0.66786 1.8968 -0.14649 0.27409 1.1481 0.26291
-2.1969 -0.82223 0.1202 -0.94247 -1.3337 0.79089 0.50994 1.7852 -0.4638 0.25348 0.86161 1.0015
-2.2939 -0.73538 0.051448 -0.72583 -1.3774 0.81718 0.24662 1.6028 -0.57691 0.28795 0.75533 1.4921
-1.9575 -0.89497 0.094142 -0.80392 -1.0973 0.8219 0.036713 1.2509 -0.43143 0.51733 0.63189 1.8153
-1.8153 -0.93974 0.071736 -0.7174 -0.64998 0.62205 -0.064845 1.1182 -0.45693 0.37339 0.75412 2.1544
-1.7924 -0.96247 0.026211 -0.65411 -0.31673 0.54836 -0.085936 0.92332 -0.70947 0.2161 0.91503 2.2503
-1.7572 -0.94083 -0.014201 -0.62388 -0.16665 0.31484 -0.15494 0.60079 -1.0246 0.22689 1.0915 2.1293
-1.5977 -1.1555 0.025545 -0.63952 0.12585 0.073865 -0.19139 0.38707 -1.123 0.33125 1.1862 1.662
-1.6685 -1.1133 0.11206 -0.49633 0.31681 -0.064258 -0.40568 0.18748 -1.1841 0.36758 1.0553 0.85139
-1.6953 -1.0055 0.21173 -0.405 0.41875 -0.23566 -0.71089 -0.083374 -1.1073 0.58478 1.0341 0.33622
-1.6354 -0.94875 0.26724 -0.31953 0.44399 -0.52842 -0.9082 -0.20505 -1.0961 0.70796 1.0031 0.10165
-1.6565 -0.93799 0.27389 -0.10074 0.42822 -0.8332 -0.92581 -0.14076 -1.0388 0.85786 0.77102 -0.26451
-1.6816 -0.79497 0.45766 -0.0069477 0.35134 -0.68539 -0.82144 -0.048541 -0.82068 1.2751 0.51711 -0.62103
-1.7954 -0.76764 0.66299 0.1906 0.55223 -0.43775 -0.49577 0.38743 -0.60329 1.2546 -0.00044311 -1.1798
-1.8625 -0.66361 0.82763 0.31571 0.561 -0.54337 -0.51537 0.53041 -0.71248 1.0167 -0.4941 -1.7882
           
-1.0112 -0.86537 -0.40783 -0.87045 0.63325 -0.60248 -0.45593 1.0659 -0.71274 0.129 0.64086 1.7934
-0.771 -0.89419 -0.62056 -0.91221 0.91561 -0.58216 -0.62398 0.69631 -0.89048 0.11194 0.38139 1.6626
-0.74746 -1.0116 -0.60844 -1.0359 1.088 -0.47561 -1.0117 0.34663 -0.85593 0.17435 0.31286 1.3912
-0.53177 -1.2534 -0.60036 -0.9087 1.2902 -0.80118 -1.1489 0.042095 -0.6425 0.43354 0.25423 0.94742
-0.69557 -0.95942 -0.37335 -0.44225 1.1908 -0.9223 -1.5392 -0.17539 -0.63695 0.62964 -0.019293 0.70929
-0.61366 -1.1621 -0.29339 -0.43869 1.4131 -1.0968 -1.4764 -0.10736 -0.67761 0.27107 -0.044053 0.24404
-0.77267 -0.95511 -0.15489 -0.14448 1.1902 -1.5837 -1.5796 -0.10633 -0.85912 0.45541 -0.16084 0.018787
-0.86027 -0.82448 -0.082005 -0.10539 1.0235 -1.7498 -1.5883 -0.1733 -1.0078 0.71207 0.084334 -0.4152
-1.0034 -0.68695 0.22375 0.052279 0.80892 -1.787 -1.8279 -0.16533 -0.74278 0.87813 0.015874 -0.72939
-1.1494 -0.70693 0.40931 0.28644 0.74316 -1.6097 -1.583 0.1006 -0.42228 0.97849 -0.27529 -0.99555
-1.2687 -0.57726 0.61037 0.43001 0.61628 -1.3942 -1.2613 0.22067 -0.40607 1.1116 -0.48015 -1.2604
-1.2827 -0.52946 0.81655 0.39018 0.42097 -1.2421 -1.1037 -0.015649 -0.44148 1.1326 -0.54577 -1.4454
-1.5236 -0.63699 0.76847 0.52665 0.46634 -1.1384 -0.76975 0.12768 -0.44797 0.98366 -0.86113 -1.5692
-1.7362 -0.69381 0.59413 0.66568 0.47816 -0.99526 -0.56065 0.14578 -0.55575 1.0415 -1.1693 -1.758
-1.7806 -0.59052 0.54822 0.73912 0.39616 -0.97996 -0.67475 0.028688 -0.61945 1.1792 -1.355 -1.7116
-1.8472 -0.5666 0.69837 0.70108 0.25015 -0.85192 -0.74193 -0.11332 -0.57479 1.318 -1.4533 -1.7251
-1.9377 -0.48466 0.81694 0.72014 0.13656 -0.85401 -0.75429 -0.21788 -0.56926 1.4249 -1.6382 -1.7555
-1.9617 -0.34066 0.84782 0.85728 0.0087664 -0.96368 -0.8058 -0.27041 -0.59482 1.5354 -1.8725 -1.6854
           
-1.8185 -0.53381 -0.53684 -0.42605 -0.026841 -0.17717 0.44422 0.86953 -0.30578 -0.64862 0.071778 1.5971
-1.9427 -0.41809 -0.71195 -0.26243 0.075717 -0.21714 0.22861 0.69764 -0.82535 -0.6878 0.28524 1.4756
-1.6506 -0.68733 -0.48033 -0.38828 0.64878 -0.5987 0.089869 0.65506 -1.1089 -0.87098 0.32446 1.3394
-1.5796 -0.64517 -0.44409 -0.23477 0.79662 -0.99687 -0.19271 0.3712 -1.3076 -0.6875 0.83292 1.1632
-1.4601 -0.64401 -0.41 -0.21197 0.86405 -1.3334 -0.56936 0.037844 -1.3809 -0.07223 1.4329 0.86848
-1.3407 -0.81639 -0.35614 -0.286 1.0322 -1.4136 -0.75263 0.0013687 -1.3677 0.46159 1.5614 0.39202
-1.5116 -0.81815 -0.34793 -0.05431 1.0859 -1.3752 -0.56367 0.11238 -1.1992 0.96979 1.3335 -0.057732
-1.7632 -0.89766 -0.18592 0.33058 1.1562 -1.2193 -0.21326 0.3451 -0.92144 0.89756 0.69587 -0.59293
-1.8945 -0.85319 0.017753 0.69618 1.0528 -1.507 -0.21071 0.42146 -0.83931 0.66441 -0.06237 -0.79756
-2.0177 -0.7298 0.21674 0.98469 1.0191 -1.783 -0.09966 0.6374 -0.77159 0.54976 -0.72281 -1.0286
-2.1073 -0.73854 0.36661 1.0993 1.0013 -1.658 0.13908 0.89638 -0.64266 0.64056 -1.1148 -1.3831
-2.1684 -0.81528 0.60526 1.2907 0.99834 -1.2549 0.55215 1.3129 -0.19679 0.91297 -1.3286 -1.5812
-2.2692 -0.79353 0.74678 1.5358 1.0657 -1.0079 0.88462 1.5259 0.11173 1.0663 -1.6381 -1.5646
-2.2904 -0.64499 0.85306 1.6263 0.98622 -1.0176 1.0058 1.4965 0.068739 1.0693 -1.9211 -1.6109
-2.3812 -0.59659 0.8752 1.7164 1.0618 -0.96411 1.3491 1.6428 0.00931 1.0933 -2.0419 -1.7421
           
-1.4734 -0.67309 -0.10968 -0.92074 -0.68913 -0.32519 1.2708 1.3018 0.087821 -0.65396 0.44036 0.50819
-1.0802 -0.92245 -0.2234 -1.0426 -0.086669 -0.53862 0.94 1.0649 0.013821 -0.79216 0.34429 0.98743
-0.89135 -0.7707 -0.22232 -0.97389 0.23215 -0.62946 0.50902 0.7486 -0.20603 -0.86572 0.4983 1.5793
-0.35642 -0.5331 -0.39299 -0.89695 0.5419 -0.8184 0.44677 0.0026224 -0.35529 -1.0751 0.94283 1.6956
-0.013982 -0.3235 -0.55921 -0.70221 0.81084 -0.98367 0.33171 -0.42426 -0.62489 -1.377 0.74449 1.4571
0.28361 -0.38256 -0.63829 -0.62447 1.1004 -1.1157 0.068007 -0.77284 -0.88973 -0.68004 0.52639 1.3467
0.35807 -0.33762 -0.45703 -0.32177 1.1202 -1.0984 -0.36612 -0.80236 -1.0113 0.12659 0.58775 1.0662
0.4039 -0.44862 -0.5002 0.4293 0.94372 -1.3303 -0.48916 -0.69392 -1.2079 0.75552 -0.12017 0.7403
0.24246 -0.47306 -0.10537 0.25921 0.85531 -1.3393 -0.88569 -0.57871 -0.95686 0.59779 0.050519 -0.22944
-0.013528 -0.16865 0.36777 0.30873 0.93405 -1.3954 -0.88598 -0.41653 -0.74489 0.73601 -0.062499 -0.92585
-0.2778 0.15588 1.0149 0.32051 1.0587 -1.0592 -0.43833 -0.15564 -0.50869 1.2527 -0.32023 -1.385
           
-1.1925 -1.4307 0.36005 -1.6313 -1.1213 1.4624 0.16862 2.0926 1.875 0.7892 0.51612 0.44128
-1.0312 -1.4905 0.29904 -1.5585 -0.69759 1.3211 0.11439 2.0136 1.6318 0.63715 0.4623 0.79492
-0.81189 -1.5266 0.1223 -1.5599 -0.22986 1.0545 -0.011344 1.6597 1.2659 0.37504 0.11406 0.78092
-0.54259 -1.5895 -0.12375 -1.6594 0.24253 0.90572 -0.14399 1.3063 0.72494 -0.2315 -0.26052 0.66538
-0.30821 -1.5911 -0.34187 -1.6881 0.6646 0.54174 -0.28114 1.0318 0.10032 -0.78585 -0.18985 0.62295
-0.41067 -1.4606 -0.50143 -1.4735 0.7297 0.34166 -0.35171 0.84225 -0.42244 -0.92472 0.082281 0.62239
-0.7702 -1.4026 -0.59375 -0.93918 0.53128 0.13903 -0.41716 0.71452 -0.85921 -0.75043 0.070101 0.72241
-0.83573 -1.6052 -0.53386 -0.70886 0.62979 -0.16924 -0.7799 0.50595 -0.80016 -0.22101 0.16603 0.95382
-0.83306 -1.4972 -0.36592 -0.59129 0.75023 -0.42583 -1.2059 0.14234 -0.72044 0.45701 0.75475 1.2436
-1.0758 -1.1938 -0.17214 -0.20453 0.68055 -0.36304 -1.2388 0.17115 -0.77591 0.70904 0.94145 1.044
-1.3008 -1.1008 -0.091571 0.14864 0.73743 -0.25416 -1.0346 0.48004 -0.88933 0.52551 0.67636 0.30668
-1.5337 -1.0196 -0.046722 0.44904 0.64585 -0.35272 -0.89802 0.55493 -1.0291 0.51473 0.066417 -0.41603
-1.7086 -0.89935 0.070541 0.73577 0.42526 -0.45702 -0.83323 0.509 -1.0197 0.81478 -0.38708 -0.82033
-1.7292 -0.76954 0.39413 0.78721 0.34301 -0.51985 -0.71197 0.5636 -0.79222 1.2203 -0.37489 -1.1628
-1.9605 -0.70604 0.51481 1.1302 0.30268 -0.19542 -0.27213 0.93461 -0.40595 1.7003 -0.61797 -1.4115
-2.2123 -0.75131 0.60477 1.5445 0.25374 0.12353 0.079307 1.3667 -0.15548 1.6363 -0.96526 -1.85
-2.16 -0.95523 0.84791 1.4667 0.43791 0.33674 0.22775 1.5178 0.073777 1.5508 -1.3226 -2.4036
           
-2.5207 -0.0005302 0.65758 -0.43598 -2.1237 -0.59445 0.6679 0.96892 1.0997 0.049297 0.1329 1.257
-2.4622 -0.2264 0.44358 -0.2799 -1.9035 -0.45573 0.74469 1.0917 1.1453 -0.2679 -0.33811 1.3403
-2.4127 -0.39335 0.25447 -0.17656 -1.6119 -0.23752 0.89719 1.1819 0.99281 -0.71503 -0.83845 1.2974
-2.2006 -0.36616 0.086878 -0.083291 -1.2216 -0.23024 0.74353 1.059 0.53289 -1.3475 -1.1568 1.3606
-2.1535 -0.44808 -0.097889 -0.035386 -0.94846 0.010419 0.44672 0.65851 0.26642 -1.4176 -1.5361 1.6673
-2.2303 -0.26348 -0.19508 0.13879 -0.76545 0.21972 0.17377 0.43716 -0.18043 -1.5573 -1.3926 2.0892
-2.1231 -0.32569 -0.14603 0.1534 -0.27378 0.17256 0.29577 0.30055 -0.44997 -1.8158 -1.2044 2.0828
-1.6642 -0.61703 -0.14397 -0.088534 0.29876 -0.044177 0.33967 -0.11022 -0.56716 -1.8044 -1.016 1.6261
-1.3756 -0.6126 -0.24471 -0.086115 0.49946 -0.32724 -0.1915 -0.38403 -0.70368 -1.2169 -0.58656 1.372
-1.1295 -0.81806 -0.21837 -0.031321 0.75559 -0.70268 -0.6813 -0.39949 -0.74158 -0.53234 0.13933 1.2334
-1.1091 -1.0784 -0.14128 -0.012724 1.022 -0.74467 -0.56089 -0.22237 -0.55111 -0.31543 0.45212 0.78873
-1.3895 -1.2443 0.071419 0.31854 1.2679 -0.65377 -0.1213 0.13379 -0.010502 -0.13381 0.091705 0.063079
-1.4656 -1.2177 0.21577 0.69085 1.2315 -0.99212 -0.28562 0.34247 0.024181 0.098126 -0.62921 -0.60468
-1.604 -1.0071 0.42242 0.76239 1.1392 -1.2736 -0.60982 0.48759 -0.223 0.046656 -0.77833 -1.1207
-1.7356 -0.892 0.46204 0.77683 1.0111 -1.3471 -0.65528 0.49619 -0.36754 0.16796 -0.90561 -1.5917
           
-1.2024 -0.45749 0.4355 -1.3336 -0.84246 0.30789 0.011921 1.5525 0.14485 0.089058 0.55974 0.74284
-0.69891 -0.66965 0.35897 -1.3671 -0.3704 0.19753 -0.00064195 1.4173 -0.026242 -0.63128 0.34994 0.6702
-0.23499 -0.7553 0.19827 -1.3891 0.036163 0.050993 -0.036778 0.9066 -0.36374 -0.98531 0.11436 0.66052
0.04163 -0.93299 0.029153 -1.2658 0.41619 0.048745 -0.26417 0.68708 -0.50246 -1.2756 -0.50778 0.88238
0.02547 -1.0084 -0.033147 -1.1931 0.62824 0.14501 -0.4151 0.5547 -0.62482 -1.3797 -0.45084 0.79135
0.03276 -1.0373 -0.0047189 -1.1804 0.94717 0.11725 -0.66054 0.26391 -0.69228 -1.0337 0.014759 0.706
0.084687 -1.1324 -0.029643 -1.0016 1.1341 -0.024661 -0.94939 0.022926 -0.71306 -0.79189 0.25667 0.48884
-0.0043493 -1.1908 0.0013087 -0.76666 1.2082 -0.3155 -1.1049 -0.088528 -0.68276 -0.49765 0.3074 0.37098
-0.12638 -1.1781 0.090182 -0.49028 1.1328 -0.61344 -1.0415 -0.046083 -0.59239 -0.055622 0.532 -0.015995
-0.36319 -1.1111 0.33767 -0.086227 1.0801 -0.57867 -0.74469 0.27324 -0.37458 0.25397 0.53454 -0.6705
-0.55512 -1.179 0.49636 0.18505 1.115 -0.32414 -0.33227 0.49621 -0.21229 0.34264 0.18951 -1.2357
-0.70415 -1.1076 0.68476 0.44567 0.84303 -0.37278 -0.19842 0.42392 -0.25438 0.46314 -0.3693 -1.6474
-1.0734 -0.93432 0.85494 0.50611 0.64963 -0.40066 -0.24168 0.37492 -0.39908 0.5977 -0.61222 -1.958
           
-1.4952 -1.2642 0.36408 -0.88531 -1.054 0.41973 0.6249 1.7218 0.57277 -0.075119 0.029952 1.2847
-1.2793 -1.2081 0.16148 -0.80955 -0.71895 0.4644 0.39106 1.634 0.51138 -0.2256 0.021052 1.8119
-0.61537 -1.137 0.1351 -0.9286 -0.28096 0.42332 0.30236 1.2325 0.37266 -0.31583 0.044232 2.0178
-0.079917 -1.3899 -0.05281 -1.0708 -0.072318 0.38389 0.2152 0.7402 0.17171 -0.63115 0.16714 1.6116
-0.26061 -1.4261 -0.06258 -1.0394 0.23187 0.29631 -0.00898 0.56173 -0.078467 -0.92106 -0.041821 1.6426
-0.28646 -1.4977 -0.10736 -0.86013 0.553 0.23824 -0.14972 0.39456 -0.12176 -1.1484 -0.36009 1.4734
-0.26975 -1.3892 -0.065337 -0.72181 0.75039 -0.092215 -0.47186 0.18562 -0.33208 -1.221 -0.35306 1.0791
-0.16004 -1.3571 -0.095003 -0.67936 0.94367 -0.47895 -0.93954 -0.092021 -0.3922 -0.85733 0.046582 0.82074
-0.2412 -1.2437 -0.079335 -0.46672 0.85882 -0.60339 -1.0862 -0.30503 -0.44473 -0.26517 0.64342 0.68166
-0.51065 -1.1867 0.129 -0.13924 0.86803 -0.42883 -0.94389 0.063552 -0.33645 0.16939 1.0371 0.28271
-0.79744 -1.2981 0.34902 0.079759 1.0492 -0.34395 -0.79351 0.54135 -0.29008 -0.10841 0.83073 -0.55949
-0.80834 -1.3762 0.41065 0.15162 0.9467 -0.48216 -0.64821 0.46312 -0.3776 -0.076236 0.51912 -1.0986
           
-2.1964 -0.50831 -0.20624 -0.62686 -1.4347 0.41615 -0.27682 2.1158 0.60316 0.0086003 -0.72995 0.70613
-2.4199 -0.16364 -0.54351 -0.32671 -1.6319 0.81504 -0.68496 2.0474 0.18172 0.096144 -0.9321 0.99786
-2.3083 -0.020411 -0.75933 -0.39096 -1.3743 1.1651 -0.96308 1.7534 -0.24534 0.11864 -1.1097 1.0987
-1.9012 -0.20876 -0.80297 -0.5327 -0.68963 1.0586 -0.84411 1.3118 -0.29924 -0.27592 -1.2538 1.1564
-1.7496 -0.35467 -0.7963 -0.47704 -0.26463 1.0927 -0.97516 1.0921 -0.55303 -0.35615 -1.5698 1.2575
-1.3317 -0.74833 -0.54791 -0.7388 0.43215 0.69515 -0.82469 0.65231 -0.71088 -0.66992 -1.5428 0.89217
-1.2729 -0.84253 -0.5179 -0.71285 0.67875 0.42174 -0.8661 0.27974 -0.88236 -0.71208 -1.2267 0.56731
-1.4571 -0.64662 -0.49967 -0.33452 0.53944 0.077128 -1.2557 0.064733 -1.0228 -0.3881 -0.91907 0.62663
-1.4296 -0.59397 -0.49637 -0.010917 0.49123 -0.26002 -1.4095 -0.00094722 -1.2009 0.12596 -0.43768 0.47866
-1.4155 -0.70449 -0.24861 0.038507 0.74296 -0.40569 -1.4309 0.27561 -1.0557 0.34948 -0.022832 0.1861
-1.2943 -1.0482 0.0052721 0.0030176 1.3437 -0.41603 -0.9122 0.81703 -0.71047 0.23036 0.09343 -0.62802
-1.3875 -0.99972 0.16387 0.16961 1.3789 -0.77373 -0.78751 0.80448 -0.77604 0.19269 -0.036438 -1.4594
-1.4084 -0.86007 0.31044 0.12669 1.2991 -0.8753 -0.92512 0.6604 -0.93712 0.35675 -0.17315 -2.0169
-1.4543 -0.76487 0.34065 0.17921 1.1989 -0.98638 -0.92167 0.63881 -1.0826 0.47972 -0.41277 -2.291
           
-2.6529 -0.3581 -0.15903 -0.39897 -1.3997 0.87302 -0.033992 1.7514 -0.38239 -0.29057 -0.82476 1.3474
-2.6092 -0.4287 -0.24777 -0.36688 -1.1614 0.75181 -0.28238 1.4723 -0.39177 -0.25684 -0.91026 1.6057
-2.6149 -0.29142 -0.398 -0.19825 -1.0343 0.72853 -0.64872 1.2967 -0.68913 -0.056556 -0.45559 2.1981
-2.3107 -0.33927 -0.34077 -0.20653 -0.58374 0.54259 -0.90222 1.1172 -0.87466 0.15119 0.088254 2.5469
-1.7206 -0.74886 -0.089372 -0.50394 0.12961 0.23481 -0.65141 0.90523 -0.90052 -0.031344 0.30274 2.2728
-1.5733 -0.75368 -0.077095 -0.37147 0.36328 0.056302 -0.52768 0.70457 -1.0863 -0.3651 0.2705 2.0296
-1.0723 -1.0208 -0.050191 -0.38458 0.68387 -0.11674 -0.43248 0.4203 -0.99614 -0.68932 0.46171 1.5642
-0.92014 -1.0786 0.11432 -0.46984 0.89018 -0.24545 -0.68747 0.45628 -0.94853 -0.37104 0.74433 0.89563
-0.9743 -1.0112 0.12574 -0.2698 0.90973 -0.42893 -0.65391 0.22044 -0.93556 -0.034463 0.75227 0.30137
-0.90793 -0.89849 0.20346 -0.40702 0.93108 -0.5588 -0.90004 -0.0070588 -1.1234 0.20936 0.95722 -0.22933
-1.1247 -0.60849 0.34041 -0.38495 0.93929 -0.7057 -1.113 0.020777 -1.3193 0.42259 0.95364 -0.68389
-1.137 -0.60834 0.30644 -0.17136 0.97108 -0.90136 -1.0369 0.085334 -1.1996 0.50917 0.71125 -0.86528
-1.3158 -0.69549 0.40065 0.19126 0.84546 -0.63 -0.6499 0.29074 -0.91457 0.89532 0.39112 -1.0618
-1.2758 -0.86509 0.52845 0.30548 0.98043 -0.39237 -0.15533 0.46633 -0.52278 1.1191 0.17304 -1.3354
-1.3114 -0.87876 0.71805 0.34703 0.80808 -0.25048 -0.079206 0.33251 -0.40537 1.0739 -0.22235 -1.8697
-1.6282 -0.65773 0.9313 0.37921 0.66238 -0.34139 -0.34936 0.39264 -0.59001 1.0465 -0.50346 -2.3616
           
-1.7739 -1.0207 0.013929 -0.96036 -0.4724 0.86344 0.25519 2.0984 0.36638 -0.90887 -0.96587 -0.038192
-1.7545 -0.98175 0.045795 -0.98035 -0.29009 0.81327 0.014577 1.7 -0.0075337 -1.0282 -0.97464 0.1531
-1.567 -1.0468 -0.0039355 -0.92575 0.065426 0.5604 -0.28394 1.43 -0.16197 -1.0219 -0.89658 0.54755
-1.0987 -1.2005 -0.12618 -1.1084 0.48561 0.49922 -0.38501 1.1792 -0.26287 -0.81473 -0.4959 0.58369
-0.67301 -1.1395 -0.18167 -1.1806 0.85565 0.47135 -0.47361 0.86118 -0.64885 -1.0564 -0.29329 0.52459
0.0091654 -1.1437 -0.29958 -1.4306 1.2063 0.36915 -0.84966 0.29245 -0.93157 -1.29 0.12213 0.22871
0.14228 -1.0677 -0.42456 -1.2554 1.2379 0.19615 -1.043 -0.009382 -1.0475 -0.99968 0.3817 0.12911
-0.2071 -1.0264 -0.38842 -1.008 1.3582 0.10327 -1.0087 0.16722 -1.044 -0.55031 0.51644 -0.050955
-0.46935 -1.0406 -0.28941 -0.78216 1.5382 0.15054 -0.71772 0.46287 -1.0683 -0.27331 0.60304 -0.71751
-0.61976 -1.1783 -0.14047 -0.68575 1.4273 0.055731 -0.72559 0.42298 -1.0264 -0.14485 0.57613 -1.4435
-0.75684 -1.0539 0.00042708 -0.43738 1.2708 -0.36858 -0.98829 0.38607 -1.0516 0.0024951 0.49623 -1.7454
-0.95412 -1.0035 0.040167 -0.22081 1.1378 -0.51287 -1.0691 0.3577 -1.0508 0.26189 0.36756 -1.9282
           
-2.1077 -0.18298 -0.0057566 0.039557 -1.423 -0.054831 0.96385 0.53956 0.30821 -1.4196 -1.6566 1.8818
-2.1401 -0.32214 -0.10235 0.11977 -1.2281 0.19821 0.86231 0.50906 0.0652 -1.3533 -1.9979 1.9849
-1.9408 -0.40992 -0.10465 0.14307 -0.90959 0.26901 0.77889 0.3819 -0.11365 -1.1835 -1.9687 2.4688
-1.4293 -0.44579 -0.17397 0.089023 -0.39537 0.085776 0.65421 0.14301 -0.39521 -1.1506 -2.0318 2.2995
-1.4059 -0.33311 -0.13264 0.0053486 -0.22877 0.22152 0.279 0.12744 -0.89395 -0.64001 -1.2662 1.9565
-1.5915 -0.01591 0.12566 0.25465 -0.28635 0.35758 -0.37953 -0.068654 -1.1802 -0.32682 -0.71823 1.9466
-1.4643 -0.14618 0.38144 0.21198 0.079162 0.0025242 -0.68778 -0.31027 -0.96603 -0.24046 -0.20718 1.6532
-1.4015 -0.24288 0.21215 0.074099 0.18788 -0.02976 -0.79483 -0.46046 -1.1621 0.052969 0.37014 0.90445
-1.5237 -0.32476 0.18884 0.082333 0.35728 -0.21665 -0.97295 -0.4068 -1.0225 0.11949 0.6988 0.70277
-1.7421 -0.20392 0.30639 0.25994 0.40428 -0.15165 -0.90313 -0.0996 -0.9928 0.22721 0.92935 0.55947
-1.7249 -0.30095 0.50892 0.27711 0.76543 2.1547e-05 -0.55412 0.3103 -0.71049 0.39567 0.95515 0.14343
-1.6392 -0.33361 0.63618 0.23998 0.94597 0.025353 -0.5351 0.36387 -0.65798 0.31247 0.64573 -0.49394
-1.582 -0.2547 0.66603 0.25734 0.90664 -0.12396 -0.56772 0.23073 -0.73865 0.21469 0.50703 -0.88558
-1.4978 -0.32611 0.61383 0.28093 0.94473 -0.31341 -0.43707 0.21808 -0.75596 0.17268 0.31968 -1.2092
-1.611 -0.39261 0.61583 0.36867 0.83803 -0.41635 -0.34944 0.17157 -0.72708 0.1934 0.12666 -1.4598
-1.6385 -0.45439 0.68529 0.28676 0.84792 -0.47693 -0.38323 0.072955 -0.69347 0.25222 -0.0087662 -1.5707
           
-1.2322 -0.18765 0.28472 -0.85991 -1.1277 0.29761 -0.5802 1.9298 0.63975 -0.4673 0.10084 0.2193
-1.2623 -0.089563 0.021583 -0.5985 -1.0161 0.4148 -0.64038 2.1497 0.18198 -0.74946 -0.33109 0.038041
-1.0818 -0.37736 -0.042764 -0.63868 -0.63622 0.35297 -0.33738 1.8477 -0.3003 -1.2526 -0.98361 -0.22045
-0.85875 -0.62652 -0.025164 -0.68536 -0.36437 0.57459 -0.33228 1.3704 -0.60108 -1.2217 -1.6198 -0.016113
-0.59535 -0.86004 0.15981 -0.62008 -0.021501 0.68389 -0.45976 0.88668 -0.56054 -1.0099 -1.9633 0.81425
-0.53079 -0.83609 0.23897 -0.45012 0.073175 0.65711 -0.70595 0.55796 -0.80692 -1.0403 -2.0366 1.206
-0.43816 -0.90832 0.20991 -0.27948 0.016299 0.52273 -0.63462 0.12456 -0.92703 -0.77516 -1.9814 1.3168
-0.30138 -1.0142 0.14479 -0.2864 0.050167 0.4494 -0.67175 -0.3931 -0.7752 -0.30237 -1.7799 1.2001
-0.14716 -1.154 0.14189 -0.28351 0.23476 0.38232 -0.95441 -0.77078 -0.41131 0.27951 -1.5419 0.91382
0.08554 -1.5116 0.22531 -0.20626 0.70948 0.1617 -0.94865 -0.6199 -0.0017627 0.65225 -1.4317 0.7155
0.031321 -1.4273 0.38945 0.23997 0.89105 -0.19261 -0.84024 -0.42748 0.12145 0.65429 -1.6942 0.538
-0.3032 -1.2594 0.35209 0.58771 0.86968 -0.2833 -0.79741 -0.13728 -0.047862 0.38651 -1.5793 -0.067714
-0.81272 -0.68705 0.10883 1.0769 0.57981 -0.52727 -0.82409 0.28592 -0.97909 0.76955 -1.602 -0.39415
-1.022 -0.43434 0.015427 1.221 0.50992 -0.79999 -0.85243 0.52032 -1.2796 0.68011 -1.52 -0.76555
-1.1876 -0.32663 0.11703 1.3872 0.3752 -0.83868 -0.88518 0.47149 -1.1391 0.82981 -1.5643 -0.96119
           
-1.3137 -1.1231 0.017189 -1.1363 -0.59052 0.65693 -0.48484 1.4087 0.4234 -0.30047 -1.401 0.64629
-1.2953 -1.2333 -0.12215 -1.0729 -0.23271 0.77777 -0.38587 1.3033 0.25545 -0.60113 -1.9482 0.61073
-1.2685 -1.3911 -0.12403 -0.91049 0.018239 0.76706 -0.20797 1.1664 0.099855 -0.94226 -2.2937 0.72905
-1.2058 -1.476 -0.11127 -0.83897 0.2944 0.75391 -0.22072 0.98741 0.018214 -1.1292 -2.5088 0.74622
-1.1079 -1.4906 -0.01558 -0.70217 0.54201 0.65005 -0.22658 0.8405 -0.077586 -1.3553 -2.6301 0.78058
-0.99566 -1.4146 0.077508 -0.49444 0.63421 0.4822 -0.34491 0.43285 -0.16752 -1.2276 -2.4156 0.90363
-1.0797 -1.4848 0.10953 -0.4635 0.67494 0.57483 -0.72663 0.092462 -0.3949 -0.71782 -1.6399 1.0343
-1.0726 -1.5688 0.12252 -0.3507 0.67479 0.466 -0.79305 -0.10638 -0.40325 -0.50166 -1.4759 1.1844
-0.88552 -1.7589 0.16783 -0.31782 0.79426 0.29977 -0.91915 -0.19797 -0.19435 -0.28037 -1.251 1.0437
-0.89137 -1.8463 0.22201 -0.15416 0.92172 0.28282 -0.87139 -0.039633 0.16628 0.065953 -1.1253 0.70445
-1.0416 -1.8734 0.31029 0.28322 1.1429 0.43367 -0.49377 0.40539 0.51032 0.38806 -1.234 0.25302
-1.1145 -1.8506 0.40973 0.42462 1.2402 0.43782 -0.43321 0.58431 0.54287 0.3539 -1.2511 -0.13292
-1.2019 -1.782 0.50876 0.43322 1.269 0.32136 -0.54576 0.66325 0.45156 0.15556 -1.076 -0.65714
-1.3159 -1.5852 0.52143 0.51005 1.1782 0.071166 -0.73908 0.65324 0.22437 0.14594 -0.96711 -1.0053
-1.3434 -1.4322 0.48145 0.51518 1.0577 -0.12168 -0.87081 0.55483 -0.051415 0.33269 -0.83253 -1.304
