-0.018966 0.3297 -0.56008 1.4861 -2.7969 1.0041 1.0403 0.54184 1.1185 0.78342 0.54779 1.836
-0.24455 0.38993 -0.96442 1.5706 -2.9048 1.8731 0.84437 1.0588 0.59154 0.30448 0.013176 1.3238
-0.21636 0.71321 -0.70872 1.7211 -3.0634 2.1157 -0.3832 0.81021 -0.13795 1.1754 -0.028805 1.5635
0.39939 0.35929 -0.77207 1.833 -2.4299 1.7634 -0.57227 0.75559 -0.77025 1.1963 0.42508 1.5247
1.3293 -0.72621 0.17943 0.47955 -0.85725 0.66927 0.15871 -0.41238 0.12221 0.19926 1.1483 1.2934
1.5411 -0.85695 0.77656 -0.16591 -0.16674 0.11917 0.08896 -0.93646 0.14993 0.27494 1.2527 1.2455
1.0664 -0.61195 0.45486 0.37194 -0.093104 0.26192 -0.15767 -0.62275 0.074468 0.2017 1.4052 0.63604
0.54176 -0.40908 0.50223 0.81905 -0.088526 0.45357 -0.25041 -0.18618 0.13888 0.30926 1.1705 -0.00067056
-0.13771 -0.29145 0.54264 1.5761 -0.2799 0.72268 -0.13628 0.54349 0.43339 0.36237 0.47553 -0.83134
-0.1495 -0.51134 0.77847 1.7942 -0.076448 0.39446 0.14685 0.85343 0.79931 0.11039 -0.16443 -1.6429
           
0.39355 1.4413 -0.93118 -1.0452 -0.026797 -1.2888 -0.12404 0.056322 -0.92751 -0.1947 1.0193 -0.29764
0.0010619 1.4269 -0.74965 -0.58466 -0.28061 -0.92044 -0.71469 0.41215 -1.2897 0.33486 1.2049 0.36984
0.0022223 1.3819 -0.43447 -0.42235 -0.061516 -1.1347 -0.40502 0.40161 -1.3664 0.64645 1.7298 1.1782
-0.15274 1.7917 -0.55458 0.007148 0.1153 -1.9412 0.29816 -0.69466 -1.1472 -0.050766 2.9526 1.0328
-0.3989 1.8207 -0.90064 0.22639 0.13144 -2.3941 0.71195 -1.4834 -1.3309 -0.18911 1.7331 0.75044
-0.79219 1.699 -0.67131 0.70537 -0.26824 -1.52 0.76433 -1.7578 -0.86952 0.083836 1.4727 1.1482
-0.99366 1.0535 -0.03395 1.1932 -0.39656 -1.0848 1.1496 -1.986 0.5851 0.15845 1.7572 1.1809
-0.91065 0.86275 0.37901 1.5423 -0.44734 -1.4238 1.1086 -1.8463 1.1551 -0.72532 1.9562 0.27978
-0.88341 0.85547 0.44979 2.3166 -0.46726 -1.8966 1.1367 -1.3063 1.3568 -1.2271 1.1698 -0.53173
-1.2587 0.89827 0.72054 2.914 -0.63821 -1.2655 1.2831 -0.48027 1.7692 -1.4558 0.8837 -1.1092
-1.5501 0.73718 1.0752 3.0194 -0.48123 -0.71194 1.4499 0.10917 2.2695 -1.5008 0.61815 -1.6087
-1.7905 0.62199 1.2032 3.3371 -0.76535 -0.43789 1.956 0.078284 2.4682 -1.317 -0.11686 -1.9432
           
0.076181 -1.1739 -1.1761 0.19931 -0.56241 -1.4315 2.5944 -0.78189 1.9883 -0.48173 -0.45426 1.7654
0.019086 -1.2907 -0.81799 0.24653 -0.23767 -0.89034 2.6638 -0.52816 2.427 0.016988 0.17224 2.3701
0.080886 -0.85068 -0.87996 0.40827 -0.27856 -0.36763 2.3885 -0.48607 2.7397 -1.4635 0.72861 1.7276
0.087657 -0.45593 -1.2304 0.48764 -0.38838 0.1199 1.5792 -0.52065 1.6227 -2.0395 1.0007 0.87267
-0.20525 -0.05474 -0.99739 0.91048 -1.0248 1.3117 -0.19226 0.43116 -0.10187 -0.55961 1.3422 1.6483
-0.56245 0.23179 -0.97903 1.4648 -1.3307 1.709 -0.94751 0.71282 -0.65388 -0.12896 1.2806 1.8194
-0.54285 0.085821 -1.079 1.759 -1.1302 1.7385 -0.99602 1.043 -0.70482 0.33722 0.93871 1.4647
-0.44054 -0.12004 -0.60995 1.8825 -0.6254 1.5047 -0.57416 1.5437 -0.45023 1.319 1.2248 0.69182
-0.66742 0.033601 -0.059978 2.0003 -0.4636 1.4083 -0.72419 1.6534 0.1811 1.1674 1.2387 -0.30144
-0.90343 -0.14804 0.11049 2.4497 -0.031066 1.0006 -0.02291 2.0914 0.98311 0.64807 0.63935 -0.83807
-1.0675 -0.5416 0.2487 2.9418 0.52651 0.25227 0.91606 2.8649 1.3202 0.50858 -0.18081 -1.0749
           
0.60066 -0.97577 -0.60342 -0.63146 -1.3494 0.21197 0.15268 0.73791 0.76481 -0.38543 0.83328 0.53048
0.79297 -0.89075 -0.067734 -1.1271 -0.66581 0.077805 0.25033 0.47073 0.4922 -0.07976 1.5227 0.75362
0.61207 -0.64337 0.35027 -1.172 -0.29953 0.16458 0.096103 0.19101 0.24615 0.049234 1.5188 0.98845
0.35239 -0.46849 0.3025 -0.63115 -0.22903 0.35406 0.25918 0.056124 0.021556 0.016213 1.2836 1.0567
0.045213 -0.48032 0.2795 -0.70651 0.25045 0.55529 0.32138 -0.18988 -0.2336 -0.0289 1.2491 1.0207
-0.11643 -0.36936 0.31653 -0.68247 0.42478 0.59508 0.24316 -0.5039 -0.42103 0.34338 1.3119 0.71078
-0.22669 0.0085375 0.45021 -0.51592 0.41999 0.43075 0.09499 -0.73519 -0.42913 0.54282 1.6291 0.26752
-0.14263 -0.095565 0.58998 0.016133 0.22689 0.38525 -0.049445 -0.69493 -0.075471 0.83378 1.2068 -0.063425
0.074926 -0.27424 0.86158 0.73873 0.3856 0.2375 0.25459 -0.32852 0.39175 1.0617 0.59716 0.033758
-0.39173 -0.11075 1.2468 1.0623 0.65117 0.15904 0.27517 0.46939 0.81725 0.38603 0.12278 -0.70108
-0.71528 0.010346 1.5859 1.447 0.53323 -0.022242 0.1182 0.73219 0.91626 0.080506 -0.7223 -0.99388
           
-0.622 0.86073 0.059208 -1.4326 -0.99013 1.594 -0.57273 1.1951 -0.69232 0.15122 1.1562 -0.33436
0.058315 0.52352 -0.019866 -1.5981 -0.49131 0.73069 -0.30805 0.31641 -0.86794 0.2002 1.5811 -0.50105
-0.1792 0.077802 -0.1622 -1.2509 -0.05131 0.38237 0.045988 0.17242 -0.73703 0.49466 1.757 -0.040237
-0.19195 -0.1976 -0.21589 -0.93078 0.097284 0.5691 0.41799 -0.00079574 -0.75057 0.59556 1.9078 0.53391
-0.53025 -0.33484 -0.092692 -0.31042 -0.013452 0.52584 0.35 -0.025909 -0.56779 0.34446 1.294 0.76217
-0.71242 -0.66966 0.16842 0.13671 0.13384 -0.21395 0.029374 0.073253 -0.26091 -0.0051773 0.67773 0.089779
-0.83492 -0.84413 0.25504 0.55512 0.19335 -0.34566 -0.010069 0.24447 0.045113 0.040419 0.20934 -0.2092
-1.0034 -0.94942 0.57727 1.0525 0.43905 -0.49037 0.29615 0.58599 0.66241 0.19614 -0.45145 -0.36917
-1.2137 -1.0649 0.89074 1.3205 0.74794 -0.55418 0.6398 1.0002 0.94544 0.12341 -1.071 -0.70428
-1.466 -0.96661 1.2428 1.7712 0.83212 -0.75145 0.57972 1.467 1.1554 -0.20789 -1.4118 -0.79987
           
0.41003 -0.51524 0.15961 -1.1849 0.016211 -0.48866 0.47819 1.1082 0.57782 0.20233 -0.71512 1.3913
0.30727 0.14241 -0.45192 -0.75698 -0.80862 -0.46214 0.18853 0.61705 0.29566 -0.47512 1.1249 0.6361
0.13548 0.66246 -1.5268 0.1846 -1.9144 0.92582 -1.3657 0.78593 -0.99867 0.33345 2.0766 1.0625
0.14582 0.50099 -1.7095 0.62498 -1.5248 0.99729 -1.2113 0.82108 -1.37 0.87965 1.2985 1.0007
0.039826 0.14253 -0.94381 0.096306 -0.72362 1.0659 -0.4323 0.43536 -0.62305 0.87109 1.2597 0.70668
-0.0052918 0.24135 -1.0007 0.31029 -0.27591 1.2356 -0.50169 0.39739 -0.60006 0.70072 1.5706 0.99167
-0.13162 0.71469 -1.5486 0.76313 -0.19638 0.8005 -0.75155 -0.054891 -0.80737 0.15622 1.5535 0.35612
-0.2804 0.63025 -1.1164 0.85904 -0.59019 0.95741 -0.69143 0.039508 -1.2986 0.60227 1.6329 0.18568
-0.30749 0.46161 -0.92557 1.2243 -0.97012 0.88026 -1.1128 0.26325 -1.3748 0.64523 1.034 -0.14391
-0.53427 0.1919 -0.67174 1.3672 -0.74845 0.30636 -0.90603 0.12168 -0.93175 0.40457 0.47845 -0.42953
-0.50858 -0.22494 -0.25334 1.526 -0.34426 -0.28812 -0.55794 0.29649 -0.27985 0.32336 0.071445 -0.55935
           
0.58221 0.027445 -0.77563 -0.41635 -0.55865 -1.0662 0.08956 -1.4506 1.2298 -2.6006 -0.26576 0.11851
0.03909 0.073826 -0.89828 -0.24517 -0.97437 -0.27037 -0.52145 -0.94239 0.40725 -2.1325 0.18952 0.070385
-0.37989 0.097701 -0.81641 -0.04305 -1.2278 0.40993 -1.1618 -0.40695 -0.42665 -1.628 0.331 0.23
-0.6733 0.34087 -0.61907 0.3136 -1.2454 0.45293 -1.5312 -0.31286 -0.81111 -1.3916 0.64728 0.58827
-0.88662 0.63721 -0.48748 0.95454 -1.3487 0.76635 -2.0022 0.096083 -1.0699 -0.9934 0.60391 0.70098
-0.88641 0.3078 -0.36954 1.5069 -1.1411 1.0285 -2.0902 0.62659 -0.95388 -0.88831 -0.27276 0.23107
-0.49977 -0.43 -0.19311 1.2922 -0.21929 0.09808 -1.7333 0.48825 -0.41303 -0.89525 -0.41608 -0.71478
-0.86651 -0.43378 -0.1848 1.5433 -0.215 -0.39864 -1.7686 0.58891 -0.3238 -0.5949 -0.55789 -1.1734
-1.2869 -0.39227 -0.039458 2.0601 -0.24812 -0.33411 -1.5943 1.036 0.015702 -0.36942 -0.81866 -1.1737
-1.6262 -0.57919 0.089937 2.5795 -0.15482 0.15993 -0.80947 1.8051 0.55041 -0.31523 -0.92845 -1.2528
-1.939 -0.58556 0.3163 2.8534 -0.38822 0.59683 -0.8604 2.3188 0.34627 -0.27336 -1.2586 -1.7073
           
-0.071491 -0.27006 -0.19336 -1.7621 0.56038 -0.021142 0.052135 0.93931 -0.43979 -0.02322 -0.091704 0.56296
-0.27326 -0.65266 -0.48379 -1.3464 0.41734 0.93199 0.86051 0.39564 0.089038 0.45074 -0.18219 0.48377
-0.43427 -0.56553 -0.55563 -1.487 0.32075 0.79867 0.43711 -0.37536 -0.29225 0.34465 0.054606 0.27334
-0.13161 -0.31393 -0.27893 -1.3435 0.19962 0.33642 -0.021759 -0.75495 -0.49588 0.3728 0.86223 0.45806
-0.16804 -0.10683 -0.29746 -1.0914 -0.040943 0.60665 -0.21166 -0.7373 -0.9191 0.83884 1.9456 -0.14964
-0.61446 0.35524 -0.15259 -0.47135 -0.28438 0.58763 0.2338 -0.80975 -0.9937 1.5102 2.5376 -0.12414
-0.92582 0.22878 -0.22189 0.83953 -0.27424 0.051863 0.544 -0.46361 -0.09266 1.9176 1.9137 0.37382
-0.79402 0.021039 -0.13464 0.9895 0.2467 -0.3942 0.3188 -0.080801 0.4543 0.83455 1.3383 -0.29915
-0.69152 -0.041282 0.56936 1.0932 0.27331 -0.84 0.02224 -0.16546 0.55811 0.24712 0.98895 -0.41056
-1.0292 0.0098786 0.83653 1.4919 0.18318 -1.2255 0.23335 -0.21898 1.1227 -0.47605 0.69983 -0.7905
-1.4656 0.049084 1.1051 2.122 -0.26246 -0.90025 0.16532 0.32888 1.2151 -0.25574 0.21869 -0.8977
-1.6912 0.17228 1.095 2.5572 -0.31708 -0.66702 0.32753 0.92864 1.3167 -0.097954 0.40393 -0.89353
-1.8414 0.057127 1.3854 2.5319 -0.013708 -0.94398 1.2979 0.57982 2.2047 -0.21903 0.3826 -0.76329
-2.0336 0.0053401 1.423 2.5959 0.16593 -1.0179 1.6412 0.77771 2.4804 -0.49027 0.36164 -1.2015
           
1.0922 -0.62149 0.63936 -1.4456 0.23256 0.1527 -0.59498 0.44402 0.50933 -0.86424 -0.45029 0.78657
0.79896 -0.57562 0.67071 -1.1342 0.35733 0.10311 -0.36642 0.6461 0.55251 -0.42608 -0.45631 1.656
0.90335 -0.59248 0.19438 -0.89826 0.31596 0.4735 -0.23592 0.03994 0.55946 -0.091167 0.1282 1.1726
0.81034 -0.54476 0.076835 -0.87509 0.20789 0.59633 -0.75539 -0.5497 0.15483 -0.30178 0.1182 0.67458
0.6243 -0.07263 0.46201 -0.58687 0.48431 0.29839 -0.17148 -0.68737 -0.1033 -0.067671 0.45221 1.4362
0.27081 0.060814 0.71921 -0.35082 0.40379 0.62656 -0.17846 -0.54466 -0.51947 -0.18898 0.42059 1.0388
0.21965 0.037193 0.81256 -0.069498 0.42451 0.14927 -0.32427 -0.43462 -0.38376 -0.45728 0.21277 0.39688
-0.13392 0.23235 0.99772 0.45768 0.22285 -0.51751 -1.0264 -0.23678 -0.030688 -0.84816 0.21743 -0.41666
-0.10904 0.10898 1.2095 0.56815 0.30487 -1.0029 -1.4384 -0.11571 0.11578 -1.0476 0.28454 -0.74206
-0.056294 0.038803 1.5842 0.63728 0.50756 -1.1343 -1.7031 -0.032246 0.36852 -0.83992 -0.079264 -0.68909
-0.18696 -0.48178 1.2154 1.278 0.48173 -0.95584 -1.424 0.46891 0.9278 -0.5214 -0.2966 -0.85281
-0.38906 -0.52724 1.0369 1.7617 0.63357 -0.94064 -0.69351 0.83491 1.3131 -0.078685 -0.51144 -0.71347
-0.53283 -0.20756 1.5019 1.5586 0.96129 -0.90758 -0.45777 1.0844 1.2933 -0.055907 -0.52547 -1.0131
           
0.81313 0.34956 -0.16775 -1.3474 0.22796 -0.20414 -0.37931 0.071087 -0.71147 -0.2627 -0.74973 -0.20534
0.30318 0.5016 -0.030045 -1.2073 0.17532 -0.0098239 -0.45678 -0.027889 -0.97463 -0.38811 -0.70954 -0.021136
-0.022245 0.64429 0.062827 -0.70186 -0.17117 0.35636 -0.23164 -0.53898 -0.98851 -0.27615 -0.073867 0.19875
-0.17665 0.17501 -0.12316 -0.68081 -0.023958 0.76394 0.015371 -0.47427 -1.1682 -0.45133 0.078857 -0.14949
-0.46459 0.3077 0.18967 -0.43395 0.042337 0.29407 -0.053265 -0.69818 -1.1403 -0.45471 0.56674 -0.14512
-0.20173 -0.30946 0.21967 0.23265 0.14861 -0.043793 -0.39653 -0.35379 -0.73714 -0.62288 0.19706 -0.34221
-0.38505 -0.36499 0.10823 0.73831 0.012891 -0.31703 -0.51783 -0.41283 -0.49129 -0.65498 -0.21427 -0.5248
-0.34 -0.49348 0.52344 0.56771 0.50402 -1.0117 -0.58647 -0.49802 -0.12734 -0.57944 -0.63734 -0.51292
-0.43971 -0.54337 0.82532 0.74178 0.65325 -1.3365 -0.76371 -0.32082 0.15235 -0.57301 -0.80808 -0.54229
-0.43476 -0.52514 1.1704 1.0344 0.80116 -1.4605 -0.75175 0.03708 0.47356 -0.45376 -0.70476 -0.59462
-0.49732 -0.58701 1.3003 1.3629 0.96056 -1.1428 -0.30892 0.68999 0.79569 -0.23621 -0.64761 -0.91331
-0.55694 -0.78554 1.4189 1.4606 1.1393 -0.9424 0.12414 1.0763 1.0226 -0.19421 -1.0304 -1.0962
           
0.11067 -0.39045 -0.29259 -1.788 0.24682 -0.71357 0.26067 0.31885 0.49766 -0.38949 -0.11506 -0.23168
0.0082133 -0.21717 -0.31454 -1.6121 0.29659 -0.71526 0.23745 -0.059057 0.32517 -0.59138 -0.06936 -0.047008
-0.073749 0.0021603 -0.3856 -1.3213 0.29274 -0.49167 0.25002 -0.27941 -0.015376 -0.82723 -0.176 0.22117
-0.4281 0.15429 -0.58688 -1.0266 0.21248 0.023341 0.47771 -0.060492 -0.53877 -1.0803 -0.14349 -0.09398
-0.65351 0.042836 -0.69793 -0.78432 0.17619 0.33807 0.76878 0.028927 -0.8785 -1.1835 0.084535 -0.48034
-0.60751 -0.16236 -0.68907 -0.49763 0.049831 0.48984 0.89323 -0.13356 -0.89207 -1.0329 0.30849 -0.45531
-0.53695 -0.22407 -0.58671 -0.31338 0.10567 0.34323 0.75458 -0.32385 -0.79531 -0.82281 0.38239 -0.58182
-0.39557 -0.2447 -0.32127 -0.056469 0.09131 0.056452 0.14203 -0.39539 -0.80457 -0.66219 0.25015 -0.47747
-0.72292 -0.14662 -0.1934 0.43181 -0.014175 -0.30964 -0.13463 -0.3509 -0.67694 -0.82847 0.5304 -0.45895
-0.98943 -0.32853 0.10094 0.66385 0.24741 -0.70813 -0.28432 -0.085274 -0.3368 -0.7444 0.19417 -0.52459
-1.1519 -0.50351 0.42587 0.96414 0.4734 -0.83961 -0.099344 0.2911 0.25653 -0.50729 -0.086377 -0.76918
-1.2878 -0.6701 0.72719 1.5594 0.9027 -1.0673 0.32261 0.90964 1.0176 -0.54603 -0.67666 -0.81606
           
0.70774 2.2418 0.6552 -1.2064 -1.1546 -1.9812 0.69001 -2.3345 1.6079 -3.2351 3.2246 -1.7354
0.53151 2.6674 0.097585 -1.4729 -1.1886 -1.218 -0.16459 -2.2061 0.45297 -2.8222 3.0818 -2.3618
0.46827 2.6629 -0.33622 -1.2688 -0.96974 -0.84026 -0.54257 -1.5025 -0.81429 -2.3765 2.4543 -2.217
0.38583 2.5236 -0.17951 -0.96392 -0.58753 -0.6711 -0.012534 -1.5575 -0.65794 -2.9784 2.1791 -1.8367
-0.058183 2.185 -0.026323 -0.4861 -0.75484 0.12799 -0.19525 -1.1933 -0.55391 -2.7585 1.7161 -1.0286
0.15171 1.8372 -0.24334 -0.38277 -0.66094 0.15413 -0.48723 -1.2803 -0.86882 -2.4692 1.607 -0.70128
0.1821 1.3883 -0.54409 0.26413 -1.0701 0.75899 -0.9711 -0.77674 -1.488 -1.3621 0.57934 -0.071182
-0.060044 1.4743 -0.62212 0.65516 -1.2826 0.74276 -1.4453 -0.10717 -2.4326 -0.82108 0.96506 -0.42675
-0.19082 1.1775 -0.031649 0.9614 -1.1837 0.61684 -1.5537 0.057186 -1.9738 -0.92408 1.0606 -0.31361
-0.49121 0.6565 0.4695 1.2812 -1.1174 0.85928 -1.5247 0.36607 -1.2446 -0.46594 0.59925 -0.28862
-0.24364 -0.38978 0.71069 0.087502 0.32383 0.90539 -0.88949 0.35837 0.104 -0.098304 0.4681 -1.3831
-0.17747 -0.98367 0.41842 -0.26103 1.3219 1.0498 -0.042904 0.91139 0.75796 -0.035813 -0.29376 -2.305
-0.57223 -1.1377 1.0334 0.44756 1.0066 0.48982 -0.056787 1.2767 0.90765 -0.2692 -0.60389 -2.5744
           
-0.26813 -0.57439 0.04769 -0.55227 -0.068104 -0.94448 0.94393 0.089704 1.2103 -1.5041 -0.2682 0.89043
-0.30455 -0.42925 -0.1011 -0.36489 -0.071714 -1.2042 1.1526 -0.41654 1.0458 -1.7104 -0.35617 1.1956
-0.087353 0.14439 -0.27368 -0.37474 0.4551 -1.1064 0.90124 -0.066806 0.17683 -1.9756 -0.17493 0.54438
0.19551 0.43806 -0.40419 -0.31471 0.78593 -1.011 0.50584 -0.020841 -0.20363 -2.0861 0.28508 0.2353
0.26677 0.48547 -0.67396 0.016025 0.87576 -1.0312 0.5243 -0.17097 0.08929 -2.2865 0.60904 0.14519
0.24522 0.36368 -0.66045 -0.080284 0.85105 -0.52849 0.38914 -0.14417 -0.35782 -1.7575 0.3439 0.27922
0.10607 0.37818 -0.85048 0.18283 0.32861 -0.0031234 -0.012217 -0.32117 -0.71266 -1.4157 -0.047861 0.029434
-0.030934 0.4755 -0.76085 0.015135 0.19022 0.15896 -0.48704 -0.62237 -0.82873 -1.159 -0.055183 -0.37388
-0.019161 0.57616 -0.63498 -0.013148 0.16758 0.05638 -1.1645 -0.61129 -1.0728 -0.57232 0.074789 -0.73059
-0.15646 0.67445 -0.20907 -0.053257 0.1508 -0.050893 -1.2326 -0.9061 -1.023 0.088643 0.35156 -0.71063
-0.3156 0.68453 0.28474 0.076144 0.40819 -0.38362 -1.0216 -0.66887 -0.859 0.27015 0.72914 -0.61812
-0.39689 0.33473 0.72663 0.44694 0.57479 -0.29938 -0.73393 0.070555 -0.41463 0.47803 0.83303 -0.68102
-0.36163 0.13344 0.94513 0.76089 0.81938 -0.28314 -0.30906 0.57305 -0.068677 0.47839 0.81068 -0.77782
-0.42292 0.041858 1.0939 0.8827 1.0602 -0.44272 -0.013089 1.0153 0.038218 0.22605 0.53456 -1.2372
-0.65336 0.085712 1.3137 1.1305 1.0228 -0.65029 0.079993 1.2972 0.13365 -0.0044279 -0.085538 -1.5661
-0.74348 0.034964 1.6597 1.3535 0.90116 -0.78048 -0.11884 1.5709 0.31847 -0.42646 -0.71485 -1.7302
-0.87734 0.10472 1.9018 1.6746 0.83874 -1.1801 -0.24209 1.7343 0.43034 -0.81586 -1.3056 -1.6241
           
1.2559 -1.8616 0.043596 -0.985 -0.69135 0.1989 0.15559 0.52386 1.8004 -0.39871 0.42295 0.97293
1.4235 -1.445 0.070701 -1.3349 0.037028 0.42114 -0.044307 0.42249 1.242 -0.10835 0.6013 0.90828
1.0411 -1.2867 0.099917 -1.4258 0.25834 1.0575 0.098597 0.42078 0.69884 -0.49964 0.118 0.3806
1.0606 -1.4586 -0.05831 -1.4395 0.65567 1.1286 0.22814 0.26548 0.31989 -0.89197 0.057938 -0.048208
0.66952 -1.0215 -0.081903 -1.1203 0.99055 0.69704 -0.35384 -0.038477 -0.14 -0.65418 0.065963 -0.030028
0.54458 -0.79909 0.18693 -0.56588 0.88478 0.13752 -0.53239 -0.31825 -0.37836 0.039976 -0.23905 0.21117
0.22922 -0.59858 0.42329 -0.25778 0.64577 -0.13816 -0.80927 -0.48606 -0.20187 0.46189 -0.15419 -0.50462
-0.031502 -0.85029 0.74461 -0.050471 0.7502 -0.085317 -0.72534 -0.093813 0.34571 0.46893 0.14633 -1.0837
-0.30369 -1.1388 0.90859 0.36861 0.91433 0.40038 0.015319 0.73216 0.87591 0.44084 0.18205 -1.5741
-0.47156 -1.0122 1.1601 0.73791 1.0397 0.090376 0.18278 1.2266 0.98326 0.0061268 -0.11778 -1.9705
-0.6243 -0.86154 1.6044 1.2222 0.76773 -0.21417 -0.034073 1.3879 1.0026 -0.30079 -0.65373 -1.9824
-0.88475 -0.8383 1.7308 1.4107 0.59348 -0.13683 0.051363 1.5838 0.93695 -0.36418 -0.95439 -2.1121
-1.1391 -0.65008 1.7739 1.6724 0.55538 -0.35361 0.084558 1.6955 0.87285 -0.39648 -1.1696 -1.9454
           
0.62228 0.22763 0.57432 -1.7198 0.62178 0.1028 -0.5241 0.852 -0.032591 0.0089331 1.0043 0.45205
0.54404 0.44677 0.31037 -1.4105 1.1574 -0.012706 -0.44837 0.8219 -0.098295 0.10109 0.28737 0.42125
0.5077 0.2458 0.28804 -1.0943 1.3045 -0.074981 -0.4706 0.56384 0.17607 -0.045251 0.39734 0.67877
0.3563 0.19245 -0.087481 -0.68831 1.5293 -0.19724 -0.38414 0.20993 0.29607 -0.36427 0.57779 0.58303
0.38932 0.27989 -0.32492 -0.40413 1.6673 -0.61114 -0.47799 -0.21993 0.24634 -0.39771 0.60985 0.34991
-0.062538 0.71074 -0.62124 0.20068 1.3635 -0.94142 -0.31895 -0.57272 0.074322 -0.51551 1.1461 -0.15677
-0.3889 0.8043 -0.39574 0.51272 1.0844 -1.0483 -0.074299 -0.63128 0.0096275 -0.74921 1.5888 -0.61014
-0.39027 0.80512 -0.072304 0.81784 0.9981 -0.87277 -0.17159 -0.32375 -0.020651 -0.6365 1.275 -0.62301
-0.3701 0.49161 0.26289 1.5264 1.0237 -1.017 -0.046819 0.35317 0.43511 -0.34028 0.21069 -0.28016
-0.50962 0.22929 0.4644 2.1934 1.1748 -1.6026 0.46135 0.68432 1.3021 -0.65397 -0.27952 -0.4356
-0.56269 0.17481 0.49346 2.5249 1.152 -1.789 0.67817 0.7429 1.6857 -0.93434 -0.32118 -0.87766
           
0.64007 -0.011709 0.26385 -1.0234 0.10634 -0.45717 -0.64538 0.70845 0.82022 -0.44572 -0.91753 0.40374
0.69084 0.093131 0.021204 -0.79751 0.40003 -0.4259 -0.49255 0.4557 0.62099 -0.73089 -0.50496 0.56589
0.31113 0.11465 -0.031159 -0.64093 0.2098 0.57868 -0.078118 0.39969 0.16923 -0.33783 -0.01205 1.1446
0.21763 0.32025 0.037587 -0.59799 0.41819 0.56031 -0.26121 0.3679 -0.13605 -0.71434 -0.025103 0.69059
0.31097 0.44327 -0.14929 0.12156 0.68015 -0.62927 -0.9459 0.0035752 0.25165 -0.44157 0.00061558 0.16265
0.32403 0.30314 -0.36817 0.30819 0.80517 -0.21205 0.38102 -0.60551 0.06041 0.2056 -0.25328 0.82587
0.11727 0.69136 -0.54338 0.49954 0.481 -0.16163 0.97057 -1.0599 -0.18975 -0.45462 0.4692 0.38373
-0.019731 0.92633 -0.33499 0.88814 0.3063 -0.016607 0.29988 -0.46202 -0.6694 -0.47294 0.40749 0.07059
-0.26539 0.72695 0.20272 1.2413 0.40972 -0.57316 0.1437 -0.044 -0.048483 -0.35104 0.49094 -0.44051
-0.35106 0.28854 0.44406 2.0315 0.57441 -0.94053 0.42981 0.62839 0.95652 -0.1519 0.099531 -0.75012
-0.29396 -0.10512 0.9286 2.3781 0.95896 -1.2056 1.0184 0.83317 1.669 -0.07996 -0.43274 -0.66793
-0.69304 0.022218 1.3412 2.3754 0.7707 -0.77114 0.8231 1.0381 1.7458 -0.54448 -0.45231 -1.026
           
0.25507 0.37696 0.73474 -1.0446 -0.3624 -0.054089 -0.4218 1.0829 -0.28124 -1.0888 -1.7674 -0.43457
-0.16172 0.87212 0.59566 -0.78942 -0.39211 0.0076855 -0.48253 1.0012 -0.88109 -1.2667 -1.4541 -0.46727
0.22666 1.0181 0.17155 -0.79506 -0.060815 -0.34211 -0.34124 0.090683 -1.2101 -1.4315 -0.92452 -0.56166
0.39125 1.0364 -0.51988 -0.17175 -0.4585 -0.30411 -0.41067 -0.31112 -1.6246 -1.8507 -0.55282 -0.49327
0.60972 0.69692 -0.39129 -0.24049 -0.28235 -0.39687 -0.38273 -0.72402 -1.5279 -1.8393 -0.31519 -0.030381
0.26632 0.76305 -0.40965 0.26478 -0.43505 -0.66243 -0.2402 -1.0291 -1.4527 -1.5793 0.32942 0.40677
-0.057282 0.84273 -0.64305 1.1697 -0.70404 -0.8353 -0.30938 -0.95062 -1.3144 -0.95333 0.8024 0.49284
0.025634 0.32506 -0.21639 1.2548 -0.32452 -0.63092 -0.38467 -0.66908 -0.55735 -0.40173 0.75527 0.37217
-0.24728 -0.013101 0.13157 1.2006 0.11917 -0.20765 -0.60751 0.13197 -0.372 -0.4035 0.33911 -0.1684
-0.31644 -0.46736 0.61758 1.1902 0.40686 -0.30142 -0.59806 0.57984 -0.11712 -0.58296 -0.20058 -0.71525
-0.29144 -0.88934 1.1586 0.97342 0.63287 -0.48023 -0.66375 0.69794 0.35892 -0.72878 -0.55333 -1.2695
           
0.10149 -1.3729 0.19174 -1.004 -1.1016 0.54839 0.13931 1.1764 1.4928 -0.87034 -0.47181 -0.26327
0.39606 -1.7395 0.26653 -1.5942 -0.44468 0.61938 0.0051926 1.0364 1.3204 -1.5169 -0.25362 -0.76121
0.46069 -1.6745 0.21139 -1.6157 -0.04437 0.59065 -0.22288 0.90402 0.89963 -1.8074 -0.4945 -0.77504
0.39335 -1.339 0.17716 -1.3761 0.34343 0.42496 -0.44729 0.7525 0.19486 -1.5986 -0.86303 -0.46302
0.19713 -1.0206 0.097603 -1.1591 0.62337 0.50582 -0.68294 0.64772 -0.4554 -1.5848 -0.78671 -0.55523
0.12776 -0.8468 0.059443 -1.1679 0.88566 0.61807 -0.95566 0.34975 -0.83151 -1.5111 -0.47483 -0.57682
-0.073534 -0.81834 -0.09943 -1.1345 0.86682 0.762 -1.0128 0.064864 -0.98903 -1.1662 -0.36582 -0.68317
-0.25438 -0.92265 -0.1864 -0.99371 0.81261 0.73507 -0.95031 -0.058908 -0.88029 -0.79189 -0.1487 -1.0239
-0.27832 -0.96422 0.11222 -0.65736 0.85762 0.58349 -0.86214 0.020632 -0.45227 -0.29484 0.23909 -1.139
-0.47526 -1.1248 0.45386 -0.029828 1.0839 0.78231 -0.26703 0.6856 0.19369 0.096195 0.34592 -1.281
-0.64529 -1.3496 0.77971 0.30604 1.3304 0.53484 -0.10567 1.1654 0.56835 -0.11401 -0.064218 -1.6069
-0.71324 -1.4061 0.93879 0.57655 1.336 0.19569 -0.21225 1.4217 0.6399 -0.39209 -0.50285 -1.9205
           
0.87393 -0.75845 0.14414 -2.092 0.35945 -0.57697 -0.63822 0.89979 0.57241 -0.76785 -0.33545 -0.34014
0.85745 -0.85851 -0.15042 -2.1715 0.41983 -0.45289 -0.65006 0.80147 0.091733 -0.91463 -0.35268 -0.59761
0.63619 -0.74447 -0.29673 -2.0981 0.55599 -0.37263 -0.8661 0.85043 -0.22159 -0.96519 -0.36436 -0.8341
0.37913 -0.26208 -0.16577 -1.8052 0.42012 -0.061285 -1.2771 0.5153 -0.54945 -0.77389 -0.25068 -0.61336
0.18514 0.00058232 0.22393 -1.3428 0.21213 -0.0015434 -1.4785 0.065771 -0.62268 -0.72416 0.067128 -0.45297
0.23205 -0.16891 0.29069 -1.5781 0.44983 0.13213 -1.2409 -0.36359 -1.1171 -0.54627 0.54674 -0.93517
0.050267 -0.23825 0.29095 -1.3603 0.49049 -0.017994 -0.95037 -0.4778 -1.4814 -0.44401 1.0871 -0.64975
-0.18303 -0.33493 0.45386 -0.93828 0.51708 -0.28488 -1.1288 -0.41435 -1.3274 -0.26019 1.1177 -0.24485
-0.29162 -0.52086 0.53452 -0.48186 0.60583 -0.45152 -1.0638 -0.17187 -0.87144 -0.11199 0.98941 -0.29089
-0.41256 -0.77628 0.72032 0.12893 0.81732 -0.46771 -0.59624 0.38344 -0.19739 0.014997 0.40875 -1.0409
-0.31247 -1.1157 0.87365 0.37394 0.94849 -0.56608 -0.5251 0.61871 0.31196 -0.13804 -0.35486 -1.8222
           
1.2234 0.20774 0.33021 -1.6147 0.53458 -0.82095 -0.26248 0.31377 0.054262 0.10569 0.23853 0.6729
0.72617 0.47302 0.20748 -1.4501 0.52549 -0.50598 0.0207 0.20732 -0.267 -0.08978 -0.17573 0.31823
0.1647 0.53349 0.21081 -1.125 -0.018634 -0.16968 0.039384 0.04064 -0.59165 0.031887 -0.16663 -0.033587
-0.022133 0.42589 -0.0019809 -1.034 0.052316 0.046581 0.55279 -0.36574 -0.7884 -0.23943 0.61677 -0.15896
0.024762 0.22063 -0.3277 -0.90267 -0.043412 0.45285 0.8392 -0.56376 -1.163 -0.39675 0.45372 -0.07825
-0.27 0.13725 -0.40261 -0.5402 -0.1325 0.41102 0.72593 -0.65799 -1.0969 -0.49531 0.64738 -0.12116
-0.45472 0.27019 -0.20551 -0.40434 -0.14702 0.32532 0.38279 -0.80554 -1.0313 -0.26909 1.1388 -0.33285
-0.60823 0.5964 -0.044302 0.10087 -0.34503 0.25104 -0.17813 -0.60588 -1.0733 -0.0089744 1.4126 -0.60301
-0.60448 0.03775 0.091755 0.61703 0.32416 -0.33061 0.026233 -0.21354 -0.060618 -0.091571 0.76251 -0.51018
-0.68468 -0.31298 0.29438 0.95093 0.78901 -0.76542 0.46709 0.2692 0.53412 -0.44969 0.1753 -0.87976
-0.80697 -0.32276 0.49883 1.3986 0.78146 -1.1916 0.29833 0.72067 0.59356 -0.61829 -0.57437 -1.4248
-0.87843 -0.32852 0.7555 1.7461 0.71995 -1.5608 0.29845 0.78049 0.90921 -1.0237 -1.0967 -1.5668
           
0.67392 -0.76124 0.35718 -1.6117 -0.57708 -0.052138 -0.32251 1.1806 1.7406 -0.0443 1.2119 -0.39097
1.3361 -0.73309 0.60149 -2.1642 0.14085 -0.28669 -0.33589 1.0777 1.2981 -0.7698 0.95386 -0.63428
1.3345 0.042338 0.33918 -1.5301 0.54366 -0.97461 0.4687 0.72853 0.63185 -0.86255 0.068715 0.32678
1.0757 0.29421 0.35796 -1.4965 0.7603 -1.0529 0.70819 0.59112 0.23595 -1.119 -0.059941 0.41268
0.58626 0.5332 0.23889 -1.2691 0.61196 -0.67796 0.80688 0.27396 0.018532 -1.5186 0.21038 0.15826
0.33087 0.67512 -0.37527 -0.90856 0.71302 -1.0272 0.81779 -0.42125 0.19323 -2.3543 0.54876 -0.31249
0.11425 1.0752 -0.66358 -0.41897 0.5464 -1.1325 0.98539 -0.71287 0.010346 -2.8861 0.97198 -0.83186
-0.081155 1.1381 -0.19765 0.057463 -0.1388 -0.77114 0.85923 -0.96323 -0.38419 -1.9325 1.7484 -0.22442
-0.13129 0.72848 -0.25252 0.30415 -0.15553 -0.36551 0.54092 -0.75697 -0.51383 -1.3001 1.5393 0.2289
-0.12517 0.58529 0.10539 0.36456 0.22026 -0.40942 0.34305 -0.55821 -0.42197 -0.8926 1.5059 0.069427
0.1385 0.2495 0.56423 0.27696 0.71308 -0.61002 0.1147 -0.32176 -0.071889 -0.42434 0.59705 -0.3607
0.18468 -0.29071 0.82521 0.63302 0.97847 -1.1226 -0.40046 -0.019869 0.68802 -0.4931 -0.70657 -0.82379
0.010817 -0.59361 0.88264 1.0879 0.9386 -1.2294 -0.60629 0.35167 0.87702 -0.70164 -1.2176 -1.1888
-0.12165 -0.70965 1.0918 1.4313 0.9409 -1.3002 -0.7892 0.79952 0.92831 -0.83819 -1.2456 -1.4457
           
1.0765 2.2104 -0.77402 -1.2062 -1.6802 -0.57243 -0.92529 0.5259 -1.8379 -0.11006 0.30852 -2.2208
1.1456 1.7886 -1.0038 -1.1756 -1.2512 -0.57428 -0.65711 0.48254 -1.6572 0.0037218 -0.15426 -1.8268
1.3126 1.1451 -0.067634 -1.9207 -0.48402 -0.66078 -0.25321 0.035692 -0.97079 -0.34196 0.11576 -1.4117
0.78312 1.2613 -0.050165 -1.77 -0.4964 -0.082864 -0.3242 0.044641 -1.0303 -0.66066 0.42696 -1.3649
0.21574 1.2798 -0.3015 -1.0256 -0.41265 0.055502 -0.21424 0.28809 -1.2249 -1.046 0.33697 -0.9482
-0.027909 1.0769 -0.24541 -0.52032 -0.461 0.64125 -0.33865 0.52084 -1.4779 -1.1414 0.16175 -0.43564
0.071287 0.74379 0.1519 -0.92718 0.13297 0.71203 -0.58141 0.36815 -1.3372 -1.3653 0.11847 -0.34116
-0.22611 0.56415 0.37344 -1.0293 0.13709 1.0899 -1.4685 0.38773 -1.2417 -1.2329 0.2469 -0.47746
-0.52873 0.47966 0.51782 -0.93539 0.082023 1.2128 -2.1579 0.24601 -1.1525 -0.63302 0.75392 -0.43591
-0.41486 0.39091 0.73156 -0.99144 0.52719 0.87358 -2.2564 0.0063354 -0.97123 -0.024521 1.4337 -0.53303
-0.21407 0.14987 1.1264 -0.79444 0.87806 0.57479 -1.982 0.080118 -0.56848 0.075859 1.8766 -0.91807
-0.22312 -0.32921 1.4219 -0.32826 1.0864 0.36742 -1.9182 0.45529 0.0884 -0.4847 1.4852 -1.3367
-0.37796 -0.60582 1.3 0.46624 0.78816 0.099856 -1.6853 0.65045 0.40185 -0.8914 0.81397 -1.6474
-1.2795 -0.12629 0.8035 1.3972 -0.022579 0.54401 -1.9657 1.0539 0.08284 -0.67525 -0.061714 -1.8552
-1.6488 0.191 0.5575 1.6635 -0.10287 0.48213 -2.2812 1.2081 0.011243 -0.6169 -0.56418 -2.146
           
0.74838 -1.401 -0.064461 -1.2012 -0.68635 -0.09519 -0.18384 0.92025 1.9237 -0.91457 -0.32465 -0.20967
1.4917 -1.3418 -0.036578 -1.614 -0.25479 -0.34895 -0.34455 0.59147 1.5852 -1.455 -0.17618 -0.43378
1.4957 -0.66347 -0.9328 -1.1777 -0.31977 -0.64708 -0.39493 0.50946 0.53821 -1.5662 -0.10583 -0.59606
1.7824 -0.70921 -0.8196 -1.7927 0.30877 -0.90109 -0.55743 0.19889 0.015641 -1.3008 -0.046939 -0.73904
1.3813 -0.25775 -0.6118 -1.6814 0.66752 -0.82239 -0.99233 -0.067516 -0.395 -1.0721 0.025057 -0.45855
1.3019 0.024975 0.010058 -1.6234 1.2259 -0.94464 -1.3471 -0.33222 -0.85052 -0.92251 0.1933 0.19738
1.0469 0.0079543 0.094724 -1.2485 1.2816 -0.91502 -1.3145 -0.55124 -1.0319 -0.74803 0.11191 0.27702
0.82967 -0.17776 0.033195 -1.2384 1.0625 -0.27441 -1.326 -0.71819 -1.2598 -0.32197 0.13723 -0.019282
0.62701 -0.3514 0.031217 -1.005 0.80254 0.070704 -1.1739 -0.73811 -1.3052 0.11538 0.34037 -0.29933
0.69095 -0.80787 -0.19897 -0.1104 0.82191 -0.1727 -0.59761 -0.26596 -0.82699 0.49102 0.089402 -0.71411
0.46968 -0.99613 0.052476 0.56708 1.0426 -0.28539 0.028704 0.41989 -0.15632 0.40402 -0.43303 -1.3218
0.27355 -0.83865 0.77592 0.8187 0.99074 -0.69884 -0.36298 0.55484 0.21389 0.092485 -0.84676 -1.8891
-0.0039096 -0.77369 1.2208 1.2908 0.7933 -0.89436 -0.33151 0.66647 0.36516 0.11402 -1.1504 -1.7526
-0.43696 -0.71142 1.5545 1.6563 0.66277 -0.78626 -0.22716 1.0678 0.4728 0.12082 -1.3261 -1.4895
           
0.50778 -0.064285 0.38032 -1.6448 -0.29971 -1.1525 -0.22608 1.4364 1.3554 0.38076 1.1992 -0.18754
0.64622 -0.29599 -0.05425 -1.4266 -0.23061 -0.85487 0.24094 1.5345 1.1001 0.08953 0.96083 -0.48987
0.43414 0.0058314 -0.62254 -0.617 -0.7873 -0.48667 0.10542 1.4828 0.59857 -0.7832 1.0514 -0.58478
0.43331 0.30647 -0.97218 -0.22131 -0.77635 -0.41979 -0.072672 1.1099 -0.15328 -1.4178 0.45113 -0.59728
0.63447 0.7397 -1.2267 0.038205 -0.56498 -0.53682 -0.324 0.62336 -0.89989 -1.636 -0.18441 -0.35209
0.71654 1.145 -0.78584 0.021603 -0.19618 -0.5706 -0.10582 0.22853 -1.3211 -1.4653 -0.38472 0.18235
0.54929 1.4889 -0.25309 -0.15045 0.073397 -0.40628 -0.29944 -0.016301 -1.8127 -0.86945 0.246 0.34601
0.85992 1.6679 -0.33292 -0.6012 0.64884 -1.2548 -0.82286 -0.92982 -1.8031 -0.51241 0.70574 0.11281
0.58514 1.4579 -0.34244 -0.35612 0.65117 -1.1838 -0.73063 -1.4998 -1.2234 0.11887 0.86174 0.021524
0.19193 1.2449 -0.42398 0.24843 0.74955 -1.2096 -0.48488 -1.3798 -0.67641 0.11994 1.024 -0.68434
-0.11129 1.1208 -0.35594 1.1288 0.66193 -1.2638 -0.10898 -0.79753 -0.5902 -0.050399 0.49636 -1.0596
-0.40968 1.2837 0.67117 1.1889 0.73701 -1.5403 -0.0026867 -0.46093 -0.62136 -0.072411 0.1881 -1.4388
-0.43627 0.8827 1.0335 1.8685 0.70083 -2.1032 -0.19484 0.10699 0.21214 -0.44369 -1.2597 -1.386
-0.34844 0.12934 1.2554 2.5207 0.41757 -1.7404 0.58187 0.27467 1.0959 -0.20492 -2.0475 -0.81826
-0.6381 0.066677 1.3654 3.0481 0.26308 -1.4627 1.0479 1.0573 1.1256 0.21832 -2.2891 -0.64377
           
1.4092 -1.7751 0.3067 -2.0917 -0.65249 -0.29227 0.13191 0.6145 1.6422 -0.33171 -0.030493 -0.28521
0.87455 -1.6097 0.29111 -2.0354 -0.43232 -0.18235 0.04482 0.91089 1.2541 -0.36928 -0.071983 0.038441
0.58498 -1.3705 0.19019 -2.0048 -0.26882 -0.20689 -0.015463 0.94647 0.77102 -0.47091 -0.021435 0.19938
0.42418 -1.1624 -0.033127 -1.954 -0.026466 -0.30344 0.064933 0.7854 0.30719 -0.52611 -0.039472 0.5115
0.37863 -1.0988 -0.20071 -1.8727 0.1512 -0.30106 -0.09379 0.555 0.14446 -0.47789 -0.17102 0.8062
0.31237 -0.94349 -0.20533 -1.5955 0.29751 -0.45067 -0.39515 0.34023 0.015552 -0.4877 -0.34655 1.301
-0.012606 -0.73223 -0.15541 -1.1254 0.30087 -0.44358 -0.43348 0.24383 -0.12973 -0.69708 -0.32445 1.5525
-0.30422 -0.85081 -0.22326 -0.92392 0.54272 -0.33853 -0.32978 0.091285 -0.21669 -1.0981 -0.32339 0.98929
-0.50784 -0.93683 -0.27036 -0.87509 0.65708 -0.25271 -0.5816 -0.26537 -0.33265 -1.0835 -0.24577 0.31697
-0.66977 -0.69784 -0.173 -0.68374 0.54838 -0.17261 -1.3215 -0.59125 -0.49647 -0.50024 0.21816 0.14908
-0.72646 -0.48368 0.011184 -0.22729 0.42034 -0.07344 -1.684 -0.44539 -0.57042 -0.13932 0.35788 0.041803
-0.68878 -0.65354 0.49261 0.46436 0.47039 -0.070926 -1.1925 0.17842 -0.023847 0.037677 0.073298 -0.38663
-0.7715 -1.129 0.92053 0.85319 0.66395 -0.22979 -0.75708 0.78862 0.49145 -0.47779 -0.5316 -1.3143
           
0.15699 -0.49131 -0.61831 -1.5359 0.083354 -0.39856 -0.40353 0.89038 -0.2981 -0.6413 -0.66735 -1.2196
0.13557 -0.35339 -0.56092 -1.5713 0.070617 -0.01317 -0.58001 0.63327 -0.77516 -0.69841 -0.44072 -1.3209
0.098553 -0.12761 -0.33671 -1.4315 0.23055 0.21135 -0.877 0.33166 -1.1449 -0.71871 -0.49182 -1.1484
-0.14461 0.037101 -0.29019 -1.0874 0.26699 0.41959 -0.98367 0.17684 -1.5164 -0.73861 -0.38553 -1.034
-0.26626 -0.05416 -0.3115 -1.0753 0.19854 0.70575 -0.81237 -0.055289 -1.8098 -0.60987 0.1968 -1.0912
-0.36474 -0.25121 -0.23155 -0.92316 0.2036 0.64041 -0.68187 -0.085847 -1.8494 -0.6089 0.78541 -0.89872
-0.56913 -0.39757 -0.18123 -0.42473 0.23117 0.33157 -0.61704 0.18186 -1.6738 -0.67893 1.0401 -0.70717
-0.85298 -0.55029 0.017127 0.19255 0.28536 0.25782 -0.45822 0.68333 -1.1193 -0.51919 0.96587 -1.0069
-1.0667 -0.80331 0.36237 0.72432 0.59034 0.30053 -0.21258 1.307 -0.35743 -0.63276 0.2998 -1.5564
-1.0815 -0.96586 0.69929 1.0644 0.71162 -0.0016976 -0.23364 1.5862 0.085688 -0.92962 -0.36914 -1.9943
           
-0.50923 0.25039 -0.79655 -0.6542 -0.29666 -1.1084 -0.057216 1.1278 0.025579 -0.68495 -0.4118 -0.46596
-0.43986 0.26887 -0.86302 -0.67008 -0.34903 -0.66837 -0.12721 1.0901 -0.15424 -0.79521 -0.44117 -0.56671
0.032375 0.12238 -0.87991 -0.73601 -0.1274 -0.30133 -0.30453 0.95916 -0.35035 -0.98076 -0.38202 -0.66713
0.30722 0.14618 -0.86288 -0.77713 0.15601 -0.26434 -0.28576 0.63886 -0.62345 -1.1821 -0.24106 -0.55298
0.51585 -0.0066141 -0.66714 -0.656 0.4671 -0.24299 -0.093423 0.29894 -0.48025 -1.0873 -0.40651 -0.10069
0.20097 0.11724 -0.46513 -0.39491 0.62586 -0.19138 -0.25586 -0.033476 -0.72791 -0.60797 -0.65949 0.36466
-0.11883 0.18294 -0.5194 -0.32066 0.4362 0.073105 -0.56394 -0.34651 -1.0571 -0.2139 -0.22173 0.13433
-0.49745 0.28837 -0.53171 -0.070427 0.17672 0.32115 -0.53996 -0.47315 -1.1593 -0.17675 0.092747 -0.077713
-1.0123 0.28249 0.15482 0.54067 -0.03595 -0.091831 -0.40552 -0.30843 -0.63037 0.149 0.18781 -0.15824
-1.1625 -0.1397 0.49887 1.139 0.15277 -0.24663 -0.109 0.27628 0.043764 0.24621 -0.10757 -0.15263
-1.14 -0.30689 0.65837 1.5864 0.29898 -0.19296 0.17524 0.75633 0.43616 -0.00035793 -0.50458 -0.59617
-1.1183 -0.44649 1.1728 1.7153 0.50326 -0.49669 0.16864 1.0947 0.78896 -0.34699 -0.89269 -1.1035
-1.3368 -0.29293 1.5453 2.042 0.32766 -0.79094 0.045078 1.1777 0.86121 -0.48618 -1.3815 -1.2536
           
0.51621 -0.10523 -0.46309 -1.1134 -0.1558 -1.8545 0.96269 0.19081 1.2205 -2.2665 -0.1011 -0.66176
0.26994 0.26069 -0.65265 -0.69774 -0.35137 -1.8804 1.0535 0.079675 1.1449 -2.5545 0.097829 -0.82016
-0.05758 0.58813 -0.95906 -0.54428 -0.40985 -1.7315 0.91639 -0.14139 0.79151 -2.7076 0.26859 -1.2602
0.24019 0.30776 -1.3794 -0.39163 -0.33809 -1.6514 0.60663 -0.50602 0.45325 -2.7297 -0.14607 -0.91565
0.1194 0.5805 -1.5179 -0.15663 -0.43971 -1.0284 -0.27013 -0.30982 -0.25467 -2.2259 0.32899 -0.70309
0.029583 0.80002 -1.0652 -0.010934 0.069377 -0.9379 -0.66857 -0.41136 -0.54968 -1.8778 0.60849 -0.25807
-0.2424 1.0148 -0.96942 0.24895 0.1226 -0.59651 -0.27844 -0.69649 -0.55761 -2.3038 0.77459 -0.40381
-0.48086 0.82956 -0.79151 0.19513 0.15702 -0.35149 0.17527 -0.85971 -0.80356 -2.0112 0.56109 -0.61607
-0.4427 0.27186 -0.67616 0.41186 0.3532 -0.65291 0.018397 -0.81171 -0.66212 -1.2654 0.2231 -0.43632
-0.43344 -0.028418 -0.26336 0.84383 0.38481 -0.66614 -0.30606 -0.33556 -0.35631 -0.55571 -0.059926 -0.23023
-0.51116 -0.28171 0.29386 1.388 0.64956 -0.88282 -0.21814 0.45755 0.40447 -0.35051 -0.54073 -0.70391
-0.49227 -0.43411 1.1163 1.8253 0.77478 -1.1286 -0.0087257 1.0075 0.83851 -0.50831 -1.2418 -1.0413
-0.61544 -0.6455 1.6854 2.0786 0.89385 -1.438 -0.034296 1.526 1.0362 -0.87214 -1.7022 -1.0399
-0.92781 -0.65158 1.625 2.1581 1.1362 -1.5023 0.07741 1.8691 1.0811 -0.80783 -1.848 -1.0714
-1.0889 -0.6638 1.8388 2.4733 0.93005 -1.2311 0.39205 2.2452 1.1237 -0.48806 -1.9147 -0.83562
           
-0.55914 1.1027 -0.40969 -0.17625 -0.98666 -1.1392 1.3297 0.37578 0.99856 -1.8724 2.0028 -0.46622
-0.044713 1.3796 -0.75319 -0.2526 -0.87924 -1.3855 1.2071 0.071603 -0.093071 -2.0393 2.0525 -0.98408
0.22056 1.7641 -1.1458 0.28412 -1.0807 -1.3558 0.42489 0.18718 -1.498 -1.3494 1.2302 -0.33866
0.60755 1.1657 -1.1673 0.46055 -0.83683 -0.92993 0.87567 0.44961 -1.7323 -1.0885 0.059269 0.21469
0.45499 0.73666 -1.0675 0.17939 -0.24787 -0.64645 0.97985 0.27103 -1.6539 -1.3715 -0.12976 0.12562
0.1506 0.5551 -1.0242 0.13128 0.27856 -0.51276 0.98451 0.045914 -1.3373 -2.0228 0.067895 -0.080114
0.10021 0.61044 -0.60502 -0.057966 0.14419 0.11353 0.15816 0.072421 -1.5033 -1.4571 0.43926 -0.39097
0.27245 0.39748 -0.29049 -0.22853 0.40687 -0.19864 0.026317 -0.78198 -1.0712 -0.85575 0.43285 -0.25479
0.28782 0.18795 -0.052313 0.10394 0.33456 -0.017067 -0.17388 -0.85321 -1.0595 0.32165 0.1312 -0.21986
0.57807 -0.4304 0.28656 0.46983 0.60375 0.10904 0.017334 -0.11797 -0.6645 0.86923 0.14033 -0.80589
0.55253 -0.91401 0.4857 1.0839 0.86187 -0.047482 0.65855 0.62022 0.17681 0.67554 -0.12814 -1.1312
0.19098 -1.3219 0.99531 1.4276 0.82707 -0.057455 0.64473 1.321 0.97906 0.012789 -0.66529 -1.625
-0.32771 -1.305 1.5273 1.5971 0.61121 -0.042241 0.42914 1.7998 1.2996 -0.46265 -0.93876 -2.1327
           
1.9857 -0.3163 -0.21992 -0.29623 -1.5107 -2.1713 1.3275 -0.88325 1.1012 -0.22969 -1.0365 0.075047
1.5113 -0.71554 -0.21568 -0.3905 -1.6024 -1.4384 1.3187 -0.61242 1.1549 -0.26906 -0.95554 0.49117
1.3282 -0.98422 -0.28809 -0.72904 -1.7302 -0.39292 0.85107 -0.15456 1.085 -0.67719 -0.37091 0.38808
1.003 -1.0455 -0.06448 -0.94882 -1.4049 -0.12349 0.56617 0.091283 1.1853 -0.9974 -0.39879 0.56003
1.3048 -1.1779 0.25042 -1.7735 -0.48057 -0.18089 0.23496 0.33051 0.94773 -1.0474 -0.68886 0.34081
1.3216 -1.0874 0.10153 -1.5137 -0.25384 -0.29297 0.28291 0.34383 0.52586 -1.3351 -0.82778 0.47125
0.84312 -0.84162 0.15563 -1.3467 -0.067953 -0.46394 0.063491 0.2391 0.0724 -1.1971 -0.78128 0.85286
0.54453 -0.56192 0.31607 -1.0135 0.10529 -0.65639 -0.12617 -0.10403 -0.11393 -1.0375 -0.49996 1.2433
0.36378 -0.49351 0.20486 -0.47704 0.44079 -0.64859 -0.14952 -0.60641 -0.34761 -0.81673 -0.66667 1.3966
0.16078 -0.39625 0.051496 -0.18615 0.73568 -0.6834 -0.48692 -0.81145 -0.59446 -0.89254 -0.60087 1.2263
0.031975 -0.32755 -0.038588 -0.17761 0.89893 -0.77955 -0.77242 -0.85422 -0.51101 -0.99317 -0.20715 0.77502
-0.13776 -0.4108 0.20208 0.24072 0.89206 -0.69042 -1.0315 -0.60604 0.048551 -0.34915 -0.38899 0.30213
-0.17819 -0.76852 0.63557 0.99645 1.0221 -0.48857 -0.65186 0.28445 0.87753 -0.010833 -0.87777 -0.37744
-0.26537 -1.0293 0.82221 1.61 0.98529 -0.66546 -0.18713 0.86967 1.1926 -0.50145 -1.4369 -1.0226
-0.27216 -0.97981 1.0783 2.1176 0.77884 -0.95358 0.05389 1.1795 1.1569 -0.51029 -1.6872 -1.2224
-0.48926 -0.87725 1.4906 2.4775 0.68628 -1.0092 0.47697 1.6152 1.3718 -0.30735 -1.8725 -0.99384
