-1.4857 1.1918 -1.7409 -0.11064 -0.97234 -0.35707 -0.14721 1.5235 0.75513 -0.13593 0.37829 -2.0035
-1.386 1.0097 -1.9088 -0.2282 -0.73473 -0.53468 0.36628 1.0094 1.0936 -1.1096 0.69046 -2.6277
-1.3539 0.92512 -1.815 -0.25768 -0.71269 -0.25449 0.25134 0.80021 0.96872 -1.1366 0.4601 -2.3415
-1.449 1.0537 -1.701 -0.36528 -0.62373 0.32169 -0.41664 0.8859 0.40519 -0.66774 0.013469 -1.7884
-1.4142 1.0202 -1.8469 -0.25953 -0.53838 0.72065 -0.67274 1.0993 -0.19447 -0.64187 -0.48418 -1.5155
-1.4321 0.90861 -2.0955 -0.11328 -0.57291 0.90919 -0.73032 0.94545 -0.36104 -1.191 -0.48321 -1.7596
-1.3913 0.76336 -2.1707 -0.18952 -0.3539 0.6885 -0.61748 0.39685 -0.1812 -1.7646 0.034437 -2.0896
-1.4677 0.90486 -2.036 -0.25019 -0.11807 0.68732 -0.98255 0.18271 -0.606 -1.1813 0.13497 -1.6814
-1.4219 0.86473 -2.0135 -0.066999 0.030297 0.62409 -1.1867 0.042483 -0.75683 -1.1221 0.26326 -1.4663
-1.4596 0.81679 -2.0828 0.19868 0.075215 0.71264 -1.5622 0.14751 -1.0575 -0.81914 0.085114 -1.3068
-1.6054 0.77438 -1.9782 0.46238 0.017897 0.78618 -1.7849 0.32052 -1.2338 -0.42381 0.0018999 -1.0569
-1.7194 0.8024 -1.6952 0.65063 0.13205 0.76728 -1.8364 0.42183 -1.2117 -0.073236 -0.11735 -0.77632
-1.8248 0.87639 -1.4502 0.88385 0.18802 1.1149 -2.0648 0.88438 -1.4443 0.43814 -0.47819 -0.3919
-1.9709 0.85744 -1.2709 1.0964 0.0090477 1.4346 -2.1501 1.2346 -1.5282 0.59249 -0.4992 -0.35123
-2.0875 0.77631 -0.91017 1.2934 -0.1405 1.396 -2.0033 1.3697 -1.3273 0.43854 -0.56483 -0.32569
-1.9792 0.64261 -0.83312 1.3275 -0.14915 1.1561 -1.5369 1.1398 -1.149 0.28215 -0.16839 -0.73089
           
-0.36662 0.56697 -0.24087 0.084372 -0.42588 0.04608 0.13626 0.6421 2.3649 -0.35531 -0.017642 0.54624
-0.50042 0.80894 -0.55469 0.75131 -0.69637 0.3094 -0.055393 0.39821 2.1345 -0.47186 0.0039163 0.80375
-0.54675 0.98371 0.027432 0.36945 -0.046344 -0.24878 -0.30628 -0.19315 2.4575 -0.4802 1.3228 0.95402
-0.68256 1.3308 -0.63075 0.28017 0.088003 0.64713 -0.31722 0.061038 2.1019 -0.59351 1.6954 0.03339
-0.70441 1.6192 -0.36189 -0.34647 0.31149 1.0765 0.13969 0.87664 0.66024 0.11439 0.57974 0.54221
-0.44685 1.3925 -0.055598 -0.60602 0.54396 1.4558 0.54759 0.88112 0.85869 -0.11379 0.65487 0.72454
0.0072416 0.69017 -0.142 -0.23676 0.86942 1.0355 0.45746 0.97825 1.2637 -0.71592 -0.10734 0.27896
0.063473 0.64923 -0.93567 0.39214 1.0576 0.51077 0.17786 1.1148 0.36351 0.57738 -0.83254 0.2252
-0.20963 0.95491 -1.3392 0.47958 1.3882 0.94757 -0.33468 1.3283 0.079751 1.1627 -0.21154 -0.34516
-0.72529 1.3733 -0.94607 1.1721 0.35041 2.1258 -1.5951 1.6643 -0.13341 1.7861 -0.22229 0.78979
-0.70451 1.5206 -1.1703 1.4283 0.20305 1.7053 -1.5516 0.90929 0.77488 0.69305 1.2278 0.28913
-0.60184 1.3943 -1.0645 1.1045 0.66173 1.551 -1.1419 0.80581 0.67088 0.58724 1.5047 0.16457
-0.58237 1.2032 -0.45639 0.86116 0.98956 1.6248 -0.84281 1.0915 0.36002 0.7036 1.4149 0.55425
-0.90095 1.2602 -0.76404 1.7144 0.60932 0.8992 -0.71916 0.86496 1.1758 -0.55057 1.968 -0.42588
-0.99658 0.73186 -0.44318 2.5724 0.25744 0.90579 -0.89818 1.3042 1.9379 -0.042083 0.31385 -0.20434
           
-0.30227 0.035091 -0.90758 -0.73235 -0.055392 -0.37722 0.762 -0.39468 2.6414 -0.62188 0.082071 -0.54468
-0.13912 -0.026854 -0.81951 -0.89554 0.30943 -0.46533 0.41368 -0.37778 2.2277 -0.38478 0.27013 -0.31545
-0.14429 0.24763 -0.94281 -0.7587 0.25713 0.018864 -0.053929 -0.12372 1.2805 -0.046998 -0.16797 -0.29376
-0.21264 0.48892 -0.7721 -0.76808 0.3809 0.13438 -0.028075 -0.43277 1.1005 -0.34383 -0.099235 -0.20484
-0.41709 0.43746 -0.58819 -0.55287 0.49342 0.1217 -0.33637 -0.10647 1.3743 -0.64916 -0.037076 -0.20703
-0.61793 0.64749 -1.1688 -0.25738 0.22597 0.1059 -0.025145 -0.95323 1.5502 -2.04 0.93893 -1.0611
-0.68502 0.53731 -1.2645 -0.0065407 0.24026 0.079546 0.12299 -1.0683 1.2544 -2.2763 1.0311 -0.90908
-0.69361 0.55075 -1.1792 0.27649 0.40236 -0.0047445 0.016432 -0.79893 1.0957 -2.5517 1.2502 -0.81747
-0.51146 0.62699 -0.86463 0.7849 0.34329 0.44803 -0.55103 -0.5648 1.0662 -1.8025 0.71194 -0.073277
-0.51286 0.77478 -0.94191 0.98558 0.61411 -0.096284 -0.26492 -0.9865 1.2437 -1.5589 0.56606 -0.18039
-0.33379 0.65734 -1.0053 1.0957 1.0795 -0.58173 -0.2679 -0.76188 0.94737 -0.94486 0.29783 -0.10407
-0.59863 0.74863 -0.8386 1.4284 0.86546 0.25904 -0.84072 0.38425 0.29651 -0.15702 0.17072 0.1368
-1.0314 0.50382 -0.59657 1.9 0.54694 0.93668 -0.27138 1.0321 0.71109 -0.31407 0.74689 0.2364
-0.6612 -0.50675 -0.13861 1.773 0.98572 0.37255 1.7049 0.15651 2.368 -1.2922 0.91788 0.52986
-0.52885 -0.7453 0.1906 1.8924 0.79306 0.49182 2.0844 0.13051 2.2786 -0.78006 0.30012 0.78831
           
0.51959 1.1596 -0.32136 -1.4211 1.1972 -1.8733 0.40057 0.72401 0.88364 1.6069 -1.3776 -0.59214
-0.18525 1.1688 0.016992 -1.0301 0.4859 -0.34423 0.074905 1.035 1.5967 1.529 -1.561 0.1372
-0.50839 1.5135 0.04069 -0.52724 0.10184 -0.042863 -0.25579 1.1959 1.4232 1.3694 -1.9148 0.58863
-0.20334 1.5744 -0.16326 -0.46265 0.47476 -0.44383 0.52147 0.73545 1.1392 0.96702 -1.8294 0.47967
-0.21581 1.7036 -0.46284 -0.64258 0.60021 -0.24189 0.79153 0.22041 0.57486 0.79569 -1.5308 0.42816
0.033032 1.8684 -0.57752 -1.1018 1.1172 0.21462 0.61839 -0.54536 -0.19683 1.134 -1.1207 0.63355
0.42044 1.3677 -0.93581 -0.85182 1.724 -0.26253 0.2701 -0.61001 0.14966 1.3496 -1.4982 0.39049
0.2737 1.0781 -0.67348 -0.51911 1.6953 0.35833 -0.0093037 -0.46829 0.31971 1.3503 -0.93773 1.1645
-0.51371 1.6789 -1.0491 0.01593 1.1775 1.1204 -0.092271 -0.30655 0.12021 0.72682 -0.5088 0.74364
-0.83737 1.837 -1.7582 0.44828 1.0862 0.95941 -0.17201 -0.23856 0.18797 0.37355 0.24809 -0.48565
-1.0126 1.3714 -1.1679 0.35915 1.1619 1.0966 0.21576 -0.91976 1.8316 -1.0632 1.6802 -1.0516
-1.0516 1.0651 -1.0759 0.69381 0.96889 1.1136 0.69349 -0.91833 1.7591 -0.44518 1.0375 -0.45054
-1.0641 0.85823 -0.80113 1.616 0.61628 1.1787 0.88377 -0.33429 1.1177 0.62875 -0.29092 1.1628
-0.97323 0.48126 -0.15554 1.565 1.1735 0.76707 1.2232 -0.40135 1.8186 0.064492 -0.46158 1.302
-1.0537 0.24597 -0.4218 1.689 0.94343 0.8977 1.2799 -0.5012 2.2165 -0.45541 0.15765 0.15746
-1.0924 0.10546 -0.18177 2.083 0.68785 0.69324 1.5036 -0.35981 2.399 -0.78135 0.18646 0.3062
-1.262 0.16075 -0.35681 2.6024 0.83567 0.47242 1.2956 0.24575 2.2611 -0.52091 0.033461 0.20061
           
0.72564 -0.3167 0.40282 -0.58188 0.16647 0.010041 0.71065 -0.34236 2.1292 1.3127 -2.8938 0.91012
0.50835 0.032591 0.011177 0.042748 -0.44085 1.1302 0.32385 -0.12682 1.9221 0.69829 -2.3348 0.86231
0.51183 0.28328 -0.21348 -0.089275 0.072911 0.42461 1.8138 -0.92956 2.5763 -0.61733 -1.553 0.39488
0.18437 0.89315 -0.33925 -0.041464 0.49798 0.048517 1.5547 -0.83171 2.1622 -0.30244 -1.3332 0.14218
0.34945 0.56004 0.069588 -0.31889 1.1426 0.23528 1.465 -1.3572 2.4027 0.23922 -0.72911 1.4122
0.31863 0.27668 -0.034262 -0.412 1.4656 0.78279 1.4517 -1.3338 2.09 0.70198 -1.1097 1.7629
0.17856 0.19957 -0.098581 -0.50196 1.7418 1.3081 1.6478 -1.2981 1.9907 0.90066 -1.6091 1.7418
-0.4348 0.70732 -0.0095856 0.4215 1.0017 1.9099 1.9328 -0.56186 1.5262 -0.0089342 -0.89077 1.5804
-0.52072 0.47261 -0.53752 0.59448 0.88143 2.012 2.0888 -0.48248 1.8924 -0.29936 0.52021 0.47234
-0.63177 0.29163 -0.17389 0.76079 1.2612 1.4923 2.1864 -0.52245 2.5576 -0.39517 0.6634 0.98999
-0.5506 -0.20373 0.48666 0.99872 1.5886 1.0072 2.624 -0.32674 3.4673 -0.71081 0.79132 1.4395
-1.0699 0.16572 0.22833 1.545 0.90082 0.85367 2.1549 -0.078497 2.4898 -0.69114 0.80263 0.5866
-1.179 0.11328 0.22351 1.7702 0.83838 1.066 1.6652 0.11217 2.527 -0.42908 0.65337 0.68179
-0.9961 -0.33097 0.55059 1.7091 1.2499 1.019 2.0338 0.045056 3.051 -0.069238 0.46299 1.2556
-1.2916 -0.4779 0.41492 2.3103 0.85828 1.1543 2.3425 0.42288 3.3219 -0.44042 0.56106 0.83016
           
-0.34096 0.071631 0.92699 -0.64766 -0.68169 -0.78758 -0.0042206 0.85268 2.125 1.9827 -0.87433 1.4421
-0.0043968 0.36463 0.63485 -0.93274 -0.54257 -1.0858 -0.036721 0.83219 1.6541 1.2004 -0.49412 0.37231
0.68676 0.36467 0.35147 -0.83229 -0.30588 -1.3058 0.30337 0.2344 1.8068 1.1798 -1.1425 0.43755
0.6514 0.55752 0.042029 -1.0625 0.22012 -1.0464 0.34989 0.16017 1.3571 0.81361 -1.5517 0.10545
0.20188 0.55614 0.19689 -0.93015 -0.072878 -0.068642 0.034123 0.48698 1.0245 0.51676 -1.6944 0.41195
-0.28549 1.1708 0.5244 -0.69059 -0.97629 1.5196 -0.45427 0.58982 0.53622 1.0329 -1.4365 1.0244
-0.78095 1.2338 -0.040383 0.57156 -1.3581 1.7793 -0.92065 0.9288 0.56502 0.35806 -1.7887 1.8516
-1.4003 1.5712 -0.65551 1.3143 -1.9192 2.2603 -1.5687 0.86325 0.25539 0.33036 -0.67921 1.5802
-1.272 1.5978 -0.17605 0.85974 -0.82652 1.6933 -0.964 -0.17955 0.7423 -0.015019 0.99705 1.4722
-1.3447 1.4484 -0.3536 0.82167 -0.087367 1.1718 -0.55522 -0.98974 1.5422 -0.55408 1.7421 0.77009
-1.7757 1.4313 -0.50106 1.2657 -0.35047 1.6042 -0.73525 -0.76604 1.7334 -0.14527 0.89465 0.39654
-1.9741 1.5178 0.35393 1.3512 -0.61938 2.1204 -1.3512 0.097474 1.3131 0.81607 -0.5573 0.79483
           
-0.38258 1.9993 -0.92664 0.0269 -1.1489 -1.6508 -1.1855 -0.25084 1.1816 2.562 -0.40221 -0.073006
-0.3358 1.6213 -0.91035 -0.20867 -1.1475 -0.69333 -1.3504 0.33476 0.93078 3.0302 -1.3871 -0.2248
-0.05557 1.3437 -0.66618 -0.99944 -0.91291 0.40098 -0.71037 -0.12617 0.67697 3.279 -1.7286 -0.16748
0.21635 1.2641 -1.0142 -1.1301 -0.52101 0.63813 -0.33024 -0.72796 1.3563 2.641 -1.4206 -0.59852
0.50562 0.8118 -1.1421 -1.0963 -0.28758 0.74613 0.1135 -0.7931 1.9103 1.3745 -1.5368 -1.3769
0.71158 0.75342 -0.99713 -1.2286 -0.062685 1.1524 0.052596 -0.31877 1.0728 1.6826 -2.0117 -1.1482
0.17077 1.4594 -1.1289 -0.7441 -0.51754 1.484 0.1756 -0.10983 0.35479 0.72163 -1.1601 -0.7751
-0.18867 1.386 -1.0432 -0.60651 -0.65555 1.5266 0.21755 -1.3733 1.4987 -1.0259 -0.16677 -0.89867
-0.31351 1.6331 -1.0439 -0.47129 -0.70872 1.7368 0.33704 -1.5303 1.4415 -1.7045 0.55589 -1.3991
-0.30311 1.6527 -1.0288 -0.50064 -0.30686 1.7694 0.42982 -1.8169 1.6152 -1.3486 0.93584 -1.5273
-0.42012 1.7064 -0.87761 -0.1992 -0.31754 1.8397 0.3091 -2.0045 1.8216 -1.2236 1.0329 -1.3407
-0.62918 1.8023 -0.48763 0.48653 -1.0312 1.9476 0.15976 -2.0996 1.6675 -0.86586 1.5819 -0.7504
-0.50244 1.3531 -0.26734 0.48678 -0.6392 2.0558 0.45292 -1.9044 1.7788 -0.61458 2.1898 -0.28717
-0.38925 0.8732 -0.42579 0.65728 0.30717 1.7592 0.87914 -1.5539 2.1677 -1.2578 1.9984 -0.023299
-0.69703 0.60714 -0.44592 1.1691 0.25253 1.9047 1.252 -0.91765 2.0928 -0.89919 1.1931 0.18009
-0.92918 0.52335 -0.22276 1.6355 0.4709 1.6284 1.3188 -0.24759 2.3233 -0.49282 0.69571 0.16925
           
0.11893 1.232 0.01457 1.193 -1.9517 -1.2886 -0.87265 1.1188 0.34429 4.7595 -1.3256 0.81407
0.29798 1.0935 -0.070719 1.1246 -1.3784 -1.5928 -0.51871 0.89744 0.47333 4.0257 -1.6076 0.84551
-0.20944 1.3689 -0.18876 1.2975 -1.8679 -0.63678 -1.1593 1.1703 -0.013512 4.1802 -2.4693 0.83481
-0.14979 1.1573 -0.048264 0.99883 -1.8233 -0.29446 -0.81299 0.80133 0.2366 4.1718 -3.0169 0.60031
-0.068937 1.0352 -0.22572 0.71028 -1.7776 -0.089636 -0.19735 0.50612 0.5365 3.9857 -3.2426 0.35833
-0.38961 1.2812 -0.7315 0.71825 -2.0449 0.50886 0.14892 0.23908 0.43886 3.823 -3.2494 0.32544
-0.71192 1.3835 -1.1299 0.72548 -1.955 1.069 -0.042284 0.71257 0.052737 3.5089 -3.4471 0.42147
-0.6646 1.4876 -1.0389 0.31919 -1.4685 0.81091 0.089971 0.13587 0.54276 2.5572 -2.549 0.29803
-0.40484 1.1643 -0.83085 0.11987 -1.2595 0.78568 0.64129 -0.68918 1.3127 2.7149 -2.8008 0.1984
-0.07698 0.8348 -0.58988 -0.36474 -0.33691 1.007 1.0042 -0.51378 1.187 2.3381 -2.9162 0.3644
-0.62253 1.1639 -1.0734 -0.013349 -0.55877 2.3082 0.15957 0.26425 0.54327 2.5509 -3.2193 0.53302
-1.0229 1.1872 -1.3001 0.41567 -0.78356 2.5571 0.079758 -0.20426 1.2997 1.4902 -1.9589 0.28747
-1.048 1.2547 -1.1987 0.62187 -0.49708 2.2729 0.51848 -1.2269 1.8517 0.46586 -0.64077 0.59008
-1.0814 1.1655 -1.5676 0.77853 -0.038588 2.4776 0.76474 -1.2544 1.725 0.72645 -0.1378 0.69456
-1.0232 0.94426 -1.2053 0.6417 0.40374 2.5587 0.98302 -1.1364 2.0044 0.23961 0.4855 0.67313
-1.2756 0.76015 -0.96145 0.98747 0.52116 2.7048 0.41795 -0.48551 1.6528 1.1893 -0.60295 1.6512
-1.6101 0.81415 -0.99235 1.3754 0.38483 2.7276 0.13588 -0.23654 1.614 1.2692 -0.65565 1.6882
-1.3158 0.59287 -0.62561 1.385 0.64088 2.4503 0.589 -0.36703 2.1976 0.4436 -0.12814 0.72364
           
1.0206 -0.25249 -0.046687 -1.4369 -0.23174 0.44287 1.21 0.090665 2.5366 3.3327 -1.7826 0.14097
0.57673 0.41291 -0.22234 -0.78412 -0.18865 -0.04218 0.50613 0.58699 1.774 2.0663 -1.4668 0.11958
0.5414 0.70823 -0.13577 -0.72938 -0.080089 -0.68718 0.54552 0.12988 2.0324 1.3584 -1.4365 0.35957
0.64379 0.25105 -0.12691 -0.86253 0.016868 -0.55283 1.1546 -0.65516 2.6139 0.86009 -1.6405 0.55958
0.78841 -0.04442 -0.065915 -0.9467 0.26562 -0.21426 1.3433 -0.82673 2.9185 0.3902 -2.1838 0.65883
0.87782 0.32808 0.12013 -1.075 0.45236 0.14455 0.81785 -0.29571 2.2556 0.82235 -2.2867 0.72257
0.96882 0.49391 -0.30311 -1.2247 0.61242 0.15258 0.85024 -0.69927 2.0837 -0.0055432 -1.3965 -0.0083389
0.88206 0.47738 -0.54111 -1.4483 0.86265 0.49611 0.80712 -1.2341 1.8601 -0.044873 -0.97032 -0.078496
0.49356 0.86226 -0.74206 -0.80267 0.58697 0.82444 0.67815 -1.1248 1.5907 -0.67838 -0.4523 -0.039016
0.054523 1.414 -1.0534 -0.13915 0.037371 1.1542 0.34359 -0.92622 1.5446 -2.1193 0.86906 -0.88293
-0.28177 1.5536 -0.74565 -0.12352 0.24196 1.3715 0.3955 -1.2526 1.8029 -1.8886 1.6138 -0.6374
0.04678 0.95942 -0.61177 -0.31563 1.2649 0.72721 1.0633 -1.815 2.3467 -1.7919 2.007 -0.28878
-0.07563 1.2186 -0.5422 -0.38118 0.87962 1.5319 0.93917 -2.0136 2.079 -1.6011 2.4276 -0.40163
-0.37246 0.89033 -0.83759 0.5064 0.42455 1.912 0.1724 -1.0144 1.5326 -0.61356 1.5098 -0.17273
-0.52389 0.64022 -0.79204 0.85859 0.45595 1.8964 0.064247 -0.73593 1.4908 -0.33035 1.0087 0.075864
-0.48092 0.50042 -0.58673 0.95062 0.57541 1.4409 0.14112 -0.98374 2.2325 -1.068 1.3681 -0.20387
0.022047 0.02667 -0.25807 0.55889 1.416 0.54045 0.76064 -1.37 3.0847 -0.87295 1.0762 -0.34756
-0.39498 0.30323 -0.097638 0.90685 1.018 0.81133 0.61878 -1.093 2.698 -0.53329 0.80282 -0.28705
           
-0.4385 2.1791 0.22482 -1.8125 -0.0026854 -0.098202 0.13249 -0.79982 -0.16855 -0.33256 0.89192 -1.1115
-0.48943 1.8398 0.33313 -1.6871 -0.55332 1.91 -1.3741 0.5414 -1.1722 0.53639 -0.0011371 -0.91985
-0.75092 2.3027 0.38271 -1.6616 -0.87906 2.5965 -0.79136 0.20157 -1.7447 0.83143 -0.31787 -0.45412
-0.80308 2.647 0.10085 -1.3417 -0.95142 3.1353 -0.89256 0.26048 -2.15 0.89925 -0.74312 -0.25338
-0.655 2.2736 0.028939 -1.2965 -0.34821 2.5381 -0.22468 -0.35759 -1.2195 0.20096 -0.27279 -0.43856
-0.72154 2.0362 0.40195 -1.5463 0.50151 1.7731 0.16976 -0.89751 -0.22639 0.28748 0.58749 -0.65746
-1.1247 2.2323 0.83015 -1.7993 0.6303 2.2491 0.25804 -1.1141 -0.24457 0.84742 0.79432 -0.57365
-1.5538 2.4781 0.89293 -1.7686 0.056061 3.1358 0.74826 -1.2885 -0.52048 0.22535 0.3763 -0.58154
-1.6563 2.9406 0.90717 -1.5264 -0.37655 3.6302 0.50862 -1.4757 -0.6993 0.063764 0.49655 -0.71356
-1.4476 2.874 0.93948 -1.3824 -0.39541 3.4728 0.57921 -1.9161 -0.23422 -0.073487 1.2871 -1.0763
-1.6015 2.7007 0.78365 -0.97476 -0.16002 3.4347 0.50271 -1.3283 -0.25414 0.27323 1.0927 -1.0205
-1.7024 3.0112 0.62044 -0.33386 0.11366 3.1231 0.23237 -0.54442 -0.65148 0.54611 0.60996 -0.68413
-1.7347 2.7533 0.81469 0.33086 0.070375 3.0626 0.5789 0.062431 -0.42746 1.0912 -0.23095 -0.054409
-1.9465 2.0479 1.0428 0.31722 0.43675 3.1806 0.9605 0.46206 0.69403 0.93807 0.1265 -0.2602
           
-0.20651 1.4846 -0.17097 -0.91403 -0.52323 -1.2871 -1.1563 -0.35756 1.2578 2.361 -0.57088 -0.016295
-0.14117 1.331 -0.58174 -1.1269 -0.20509 -1.1332 -0.692 -0.35433 1.3692 2.0413 -0.60565 -0.56131
-0.18058 1.2857 -0.97907 -1.0707 0.010549 -1.2918 -0.20599 -0.50732 1.5913 1.5082 -0.45877 -0.97858
-0.57278 1.4563 -1.2267 -0.69956 -0.33493 -0.63006 -0.53723 -0.10817 0.8054 1.9869 -1.2053 -0.59864
-0.44878 1.2399 -1.0691 -0.77943 -0.32699 -0.079891 -0.5597 -0.025633 0.97482 1.7891 -1.4455 -0.68314
-0.61107 1.0441 -1.2653 -0.88468 -0.2785 0.16205 -0.20906 -0.37881 1.0716 1.1847 -0.97565 -0.94506
-0.72583 1.0428 -1.5849 -1.0916 -0.087755 0.3003 -0.049519 -0.5749 0.83454 0.99386 -0.98316 -1.2222
-0.37459 0.8127 -1.7605 -1.5225 0.7051 0.092225 0.47116 -0.75516 0.88129 0.91807 -0.85005 -1.6347
0.28974 0.54288 -1.6452 -1.745 1.2383 0.0029793 0.73077 -1.1502 0.96209 0.47216 -1.0208 -1.5982
0.67912 0.25793 -1.7003 -1.5348 1.0358 0.58647 0.52078 -1.2521 0.99427 -0.465 -0.82784 -1.7903
0.52855 0.53453 -2.0527 -1.0835 0.60722 1.1789 -0.11776 -0.97341 0.49511 -0.90596 -0.35538 -2.0387
0.059024 1.0551 -2.4256 -0.46291 0.11476 1.4966 -0.63231 -0.9238 -0.068227 -0.445 0.11441 -1.7317
-0.19025 1.0921 -2.2517 -0.26832 0.10013 1.7647 -0.61039 -1.1193 0.13544 -0.53563 0.4929 -1.4926
-0.24134 1.1741 -1.9518 -0.47039 0.51069 1.8314 -0.21121 -1.5502 0.46238 -0.62042 1.531 -1.2569
-0.14847 1.2116 -1.7099 -0.71835 1.0934 1.7348 0.56813 -2.0491 0.91122 -0.6837 2.3777 -1.2838
-0.35536 1.4372 -2.0577 -0.085342 1.0138 1.9308 0.65972 -1.7712 0.67884 -0.35638 2.1584 -1.5488
-0.077874 1.3621 -1.9714 -0.15501 1.5187 1.6857 0.88435 -1.7094 1.1145 -0.87222 2.5948 -2.3481
-0.19337 1.0642 -1.1982 0.13045 1.4629 1.3209 1.0814 -1.4668 1.6539 -1.4989 2.2465 -1.8374
-0.46317 1.0004 -0.43273 0.29357 1.3921 1.0539 1.3579 -1.0624 1.6582 -1.6727 2.1951 -1.2538
-0.5293 0.72561 -0.14293 0.47411 1.646 0.60778 1.7421 -0.78079 1.9041 -1.7124 2.1096 -1.1318
           
-0.52467 1.595 0.2459 -1.1581 -0.35574 0.74759 0.45117 1.1638 1.1838 3.1373 -0.29175 0.12325
-0.25417 1.7487 0.58939 -1.3773 -0.42123 0.81067 -0.1649 1.0366 1.153 3.09 0.0038289 0.054663
-0.018465 1.1945 0.11438 -1.1249 -0.25175 0.90223 -0.45158 1.243 1.581 2.7954 0.016573 -0.51874
0.1645 1.0683 -0.086444 -1.2639 0.17193 0.6894 -0.042875 0.71157 1.9525 2.5953 -0.23775 -0.4377
-0.24008 2.2013 -0.72101 -1.0399 -0.70986 2.0077 -0.93729 0.73814 0.51721 3.5084 -0.38678 -0.21639
0.068537 2.3638 -1.1269 -0.80296 -0.27645 0.93663 -0.41252 0.95529 -0.35344 3.2956 -0.66417 -0.53559
0.23114 2.5088 -1.6896 -0.40575 -0.24348 0.24658 -0.22384 0.79002 -0.016335 2.1194 -0.23908 -1.4701
-0.24804 2.3641 -1.301 -0.53598 -0.75163 1.2864 -0.046374 0.41521 -0.015796 1.6161 0.15399 -0.93437
-0.52177 1.9599 -1.0716 -0.41502 -0.70366 1.6243 -0.052647 0.32958 0.28984 1.1657 -0.45854 -0.4457
-0.42904 1.701 -1.8054 -0.0051492 -0.88235 1.7085 0.25122 -0.25817 1.2215 -0.40124 0.61588 -1.848
0.074845 1.1177 -1.7871 -0.42308 -0.19528 2.1027 1.0895 -0.75404 1.3105 0.18974 -0.34975 -1.1888
-0.015155 1.0499 -1.4482 -0.8934 0.40881 1.8391 0.66251 -0.74851 0.92672 0.40371 -0.55207 -0.70267
-0.31347 1.5167 -1.4225 -1.0002 0.36543 2.2807 0.18944 -0.67007 0.10975 1.0262 -0.36997 -0.38211
-0.52403 1.7342 -1.4451 -0.89795 0.38759 2.2412 0.56862 -0.71659 -0.098003 0.58763 0.2579 -0.69876
-0.30503 0.96907 -1.4202 -0.4919 0.51962 1.8613 1.3029 -0.79485 0.8809 -0.71754 0.88964 -1.0432
-0.57744 0.76147 -1.2849 -0.067214 0.63451 1.8311 1.2072 -0.7381 1.0471 -0.15887 0.076525 -0.20537
-1.1407 0.88455 -0.96514 -0.018936 0.62441 2.3162 1.0241 -0.6273 0.90664 0.73356 -0.00086939 0.55047
-0.99442 0.89447 -0.73159 -0.30675 0.95652 2.4261 0.94955 -0.66815 0.73787 1.3092 0.30098 0.53525
-0.94527 0.60625 -0.63849 0.0092574 0.98114 2.1224 1.1183 -0.63745 1.1804 0.61267 0.7775 0.16778
           
1.037 1.3848 -0.59473 -0.86387 0.18906 -0.31153 -0.25328 -0.16513 1.1731 3.2689 -1.2605 -0.61695
1.1451 1.6774 -0.80487 -1.5264 0.93821 -0.61295 -0.22708 -0.32035 0.96169 2.1207 -0.59179 -1.7167
1.1737 1.3022 -0.14847 -1.5499 0.53859 0.30974 -0.30689 -0.32298 1.3009 1.9908 -1.0125 -1.2525
1.17 0.73767 0.063798 -1.3036 -0.134 1.5017 -0.4862 -0.4066 1.7235 2.4285 -1.9842 -0.98889
0.94431 0.90597 -0.07645 -1.4494 0.091762 2.0023 -0.73301 -0.17032 1.1522 2.7125 -1.9031 -0.99268
0.61732 1.4358 -0.3242 -0.98211 0.086682 1.5493 -0.38863 -0.45678 1.0821 2.1274 -2.0215 -0.59605
0.61064 1.914 -0.51514 -0.8707 0.16622 1.1764 0.13616 -1.0668 0.9823 1.426 -1.1988 -0.67475
0.90571 1.6223 -0.95267 -0.70694 0.90096 0.8708 0.64333 -1.3996 0.86796 0.97883 -0.94382 -0.74445
0.72142 1.7261 -1.277 -0.60321 1.1027 1.6377 0.62347 -1.2732 0.34764 0.8199 -0.99589 -0.63674
0.78244 1.6781 -0.81063 -1.0285 1.5792 1.7393 1.1175 -1.219 0.24078 0.68732 -1.1502 -0.14547
0.17434 1.1752 -1.0433 -0.51234 1.0467 1.818 1.3138 -1.2768 1.2556 0.17916 -0.80528 -0.46698
0.098403 0.73223 -0.83299 -0.45723 1.3233 1.5508 1.4393 -1.3934 1.8529 0.090162 -0.84393 -0.203
0.80797 0.39572 -0.43173 -0.65646 1.9612 1.1133 1.969 -2.2251 2.2194 0.082632 -0.82007 0.40285
0.84979 0.29733 -0.78367 -0.22115 1.9463 1.334 2.4223 -1.9875 1.6232 0.91388 -0.92755 0.52806
0.16852 0.74383 -0.48957 0.053873 1.4152 2.4239 1.7414 -1.5128 1.3254 1.1437 -1.0289 1.1824
-0.2547 0.76374 -0.13957 0.40252 1.5507 2.1403 1.1858 -1.1994 1.5447 0.94184 -1.1816 1.3236
0.010175 0.4182 0.27922 0.31861 2.0607 1.3665 1.3567 -1.2772 1.9917 0.60372 -1.0794 1.3005
           
0.72586 0.66034 -0.6479 -0.39579 -0.37592 -1.3999 0.16899 -0.41843 2.2482 1.5856 -0.85986 -0.975
0.70333 0.50623 -0.69462 -0.61115 -0.0033553 -1.4858 0.44471 -0.69286 2.2876 1.3385 -1.2589 -1.1214
0.93472 0.44786 -1.2505 -0.40072 0.18023 -1.4985 0.77336 -0.77538 2.2915 1.1062 -1.4162 -1.6303
1.1251 0.32632 -1.2783 -0.39751 -0.07845 -0.945 0.81679 -0.95241 2.3623 0.63814 -1.1957 -1.8106
1.1324 0.51068 -1.6601 -0.75456 0.28036 -0.71391 1.059 -1.3057 2.3355 -0.071294 -0.92764 -2.4271
1.1641 0.69219 -1.9071 -0.83692 0.62594 -0.6479 0.97526 -1.3173 1.7612 -0.14316 -1.2569 -2.5781
0.93425 0.65688 -1.5443 -0.85681 0.69683 -0.31455 0.99936 -1.5101 1.5948 -0.2132 -1.4406 -1.9643
0.96397 0.3976 -1.1529 -1.1243 1.0524 -0.11927 1.2524 -1.9794 1.9055 -0.48118 -1.4693 -1.3406
1.014 0.31008 -1.8214 -0.72164 0.71035 0.25093 1.157 -1.9491 1.7634 -1.3474 -0.98612 -2.0824
0.7524 0.328 -1.6624 -0.66505 0.84916 0.36796 1.0079 -1.7432 1.7637 -1.4001 -0.86655 -1.751
0.44532 0.32094 -1.6348 -0.44377 0.81954 0.73466 0.91576 -1.7258 1.605 -1.1896 -0.83883 -1.2618
0.46747 0.38147 -1.5149 -0.45339 1.1394 0.92757 0.82951 -1.7525 1.3574 -0.81758 -0.65376 -0.70998
0.45136 0.30164 -1.1964 -0.31168 1.3251 1.0922 0.90194 -1.7927 1.4397 -0.67243 -0.70648 -0.096192
0.38228 0.14 -1.1041 -0.20411 1.3 1.4244 0.87895 -1.7951 1.7806 -0.75764 -0.67268 -0.018316
           
0.63138 1.5795 0.43267 -1.1618 -0.20997 -0.67656 -0.62226 -1.18 3.0279 2.4722 0.26298 0.35106
0.61647 1.2001 0.39171 -1.099 0.062792 -0.65128 0.223 -1.0015 3.0437 1.7184 -0.20174 0.48061
0.55517 1.2365 0.2965 -0.90048 0.086332 -0.7082 0.59469 -0.76946 2.7504 1.0774 -0.34293 0.31767
0.59571 0.96412 0.034415 -0.83146 -0.056366 -0.26011 0.80453 -1.2083 3.1655 0.03472 -0.30959 -0.1988
0.32295 1.1418 0.094173 -1.2384 0.043919 0.72328 0.74751 -1.2649 2.6628 0.11962 -0.22564 0.088824
0.073473 1.6209 -0.15122 -1.1704 0.0071191 0.88376 0.67346 -1.4912 2.5306 -0.32352 0.76074 -0.45842
-0.12252 1.7501 -1.1172 -1.0465 -0.19724 1.8323 0.34164 -1.4295 1.9279 -0.11258 1.2444 -1.1796
-0.063587 1.5869 -1.5879 -0.79208 -0.1175 1.96 0.83328 -1.4048 1.8553 -0.41541 1.2112 -1.6276
0.46685 0.90071 -1.5971 -1.0743 0.46526 1.946 1.3154 -1.9576 2.304 -0.66334 1.2955 -1.6947
0.42853 0.83504 -1.7409 -0.94414 0.31961 2.4298 0.69987 -2.0995 2.1903 -0.60583 1.4493 -1.8719
0.40781 0.76276 -1.8622 -1.1628 0.75201 2.6507 1.1081 -2.4749 2.219 -1.0326 2.3291 -1.8831
0.14436 0.76438 -2.0629 -0.36924 0.24514 2.9095 0.65067 -1.8358 1.5413 -0.92858 1.6711 -1.8972
-0.21598 0.88946 -1.9537 0.34341 -0.1441 2.7807 0.55855 -1.581 1.1294 -0.37556 1.1952 -1.5057
0.072642 0.51634 -1.7651 0.28612 0.48544 1.924 1.1116 -1.73 1.5774 -0.63718 1.2219 -1.6485
           
0.603 1.4181 0.19384 -1.0504 -0.42581 0.17395 0.54418 -0.42837 2.3681 2.8965 -1.2017 0.50778
0.36974 1.3409 -0.0077638 -1.1633 -0.5919 1.2209 0.81818 -0.47631 1.9949 2.7392 -1.62 0.54283
0.39302 1.3731 -0.16226 -1.3739 -0.16204 1.6208 0.90086 -0.40891 1.4998 2.4475 -1.8166 0.48238
0.5816 1.6301 -0.62282 -1.6339 0.30872 1.7967 0.77282 -0.44755 0.742 2.0832 -1.3316 -0.21343
0.51284 1.5984 -0.88961 -1.5913 0.66634 1.603 0.75456 -0.50866 0.78048 1.4534 -0.87968 -0.80607
0.34383 1.4451 -0.55181 -1.2464 0.78163 1.6191 0.51051 -0.80149 1.0699 1.5482 -1.3754 0.30709
0.34381 1.4793 -0.62057 -1.4266 1.0759 2.1189 0.70982 -0.9772 0.4946 1.1137 -1.1815 0.24232
0.063612 1.4651 -1.34 -0.79897 0.89262 1.8629 1.0859 -0.82446 0.51517 0.11538 -0.11418 -0.675
-0.1024 1.758 -1.6303 -0.30613 0.83612 1.7448 1.0631 -0.66145 0.45951 -0.39181 0.55039 -1.3468
-0.090191 1.8017 -1.3471 -0.35192 0.82794 1.9801 0.93982 -1.4269 0.99266 -0.66289 1.8235 -1.62
-0.091624 1.3469 -1.155 -0.0099953 0.73167 1.9834 0.8835 -1.4556 1.3089 -0.93688 2.0485 -1.2622
-0.38015 1.0512 -1.2209 0.80122 0.35329 1.8965 1.0006 -0.94141 1.2585 -0.75618 1.355 -0.90858
-0.29432 0.98144 -0.98352 0.82721 1.1044 1.4231 0.92348 -1.2095 1.5542 0.060982 0.5585 -0.45695
-0.63251 1.0873 -0.33231 0.91383 1.3062 1.3664 0.87272 -0.83404 1.7018 0.25389 0.52067 0.14791
-0.65901 0.67567 0.029538 0.86802 1.7334 1.2615 1.5879 -0.90232 2.3961 0.47762 0.8861 0.58456
-0.36616 0.44866 0.28234 1.0104 1.9539 1.0244 2.1848 -1.1857 2.8069 0.6938 0.86283 0.9504
-1.0765 0.84121 0.4841 1.5426 1.4746 1.2034 2.0158 -0.50148 2.371 0.69078 0.91225 1.0412
-1.5062 0.63306 0.39957 1.7964 1.4065 1.342 2.15 0.063438 2.591 0.59414 0.8971 0.83762
           
-0.19878 2.0981 0.10956 -0.4133 -0.036411 -0.48432 -1.1335 -0.096224 1.3908 2.4238 0.31207 0.42648
0.15277 1.4603 0.07634 -0.95018 0.75816 0.28258 0.073437 0.35195 1.7267 2.0216 -0.97049 0.29882
0.65973 0.94538 -0.41186 -1.2585 1.2286 -0.12961 1.1047 -0.00068425 2.4721 1.2233 -0.57709 -1.1561
0.5403 1.006 -0.82623 -1.4302 1.5291 -0.069128 0.8946 -0.33755 2.1593 0.23982 0.70197 -1.806
0.16738 1.0901 -0.62954 -1.3665 1.3583 1.0854 0.14392 0.10695 1.2753 0.88591 0.18375 -0.68284
0.098433 1.1185 -0.64572 -1.3445 1.2534 2.016 0.096048 0.88677 0.78775 1.0279 -0.66231 -0.89357
-0.11085 1.5029 -1.0545 -0.88856 0.67359 2.587 0.13899 1.4549 0.24957 1.0601 -0.096596 -0.98095
-0.39659 2.1008 -1.4075 -0.87068 0.39765 2.7542 -0.064088 0.41176 0.52238 0.45294 1.3856 -1.376
-0.34445 2.0149 -1.4026 -1.1367 0.62469 2.8147 0.42883 -0.4698 0.853 0.34177 2.5867 -1.1163
-0.23809 2.0325 -1.0981 -0.64815 0.54623 1.9556 0.59014 -0.73629 1.0295 -0.16584 2.6539 -1.143
-0.15379 1.466 -0.99552 -0.0092577 1.0364 1.0746 1.1134 -0.84987 1.8114 -0.38043 2.1342 -0.94026
-0.46764 1.1182 -0.89663 -0.12906 1.3663 2.1018 1.3231 -0.80276 2.0881 -0.26582 1.7888 -0.67032
-0.85661 0.8754 -0.82002 0.37021 1.1649 2.691 0.81928 -0.29146 1.8518 0.22231 1.1878 -0.0053708
-0.62732 0.5154 -0.1469 -0.0036417 1.9353 2.0196 1.1102 -0.57401 2.154 0.85873 1.3123 0.48976
-0.63921 0.59381 -0.27223 0.26906 2.1224 1.3017 1.2269 -0.58648 2.1737 0.58304 1.9327 -0.068762
-1.2234 0.48493 -0.4035 1.2002 1.307 1.6102 0.92505 0.39609 1.8655 0.56378 1.6477 -0.018534
-1.7159 0.3997 -0.087022 1.622 1.0324 1.3308 1.1332 0.33755 2.28 0.12141 1.4729 0.312
           
1.6563 1.0328 0.25613 -1.2339 -0.06401 -0.72061 -0.41837 0.18596 1.3882 2.9337 -0.44733 -0.86691
1.6237 1.1425 0.34203 -1.6946 0.70397 -0.78996 -0.28013 0.20909 1.1645 2.0779 -0.74292 -1.039
1.1904 1.5355 -0.065937 -1.7324 1.097 -0.98991 0.32183 0.67631 0.89741 1.4029 -0.69923 -1.6907
1.0775 1.7258 -0.17323 -1.5409 0.97109 -0.47476 0.075708 0.3434 0.95701 1.5437 -0.84381 -1.6467
0.89663 1.5905 -0.25301 -1.19 0.13586 0.82121 0.82044 -0.26832 1.171 1.5861 -1.1778 -0.82266
1.1384 1.4378 -0.028817 -2.0414 0.50872 1.4917 0.80109 -0.27561 0.40126 1.9417 -1.648 -0.87401
1.2926 1.281 -0.15091 -2.0807 1.2911 0.87425 0.43242 0.011779 -0.041333 1.3814 -1.942 -1.2167
1.4428 1.4342 0.020153 -2.2233 1.2068 1.4255 0.78274 -0.25143 -0.66218 0.94144 -1.7819 -0.79828
1.0173 1.8599 0.30234 -2.1596 0.56225 2.4238 0.7141 -0.80562 -0.74133 0.4137 -1.5092 -0.19555
1.0093 1.2784 -0.32701 -1.4888 1.1551 1.976 0.5256 -0.81409 0.055676 0.19033 -1.5446 -0.43812
1.5422 0.78342 -0.4835 -1.7904 2.2627 1.0548 1.0513 -1.2153 0.71806 -0.28426 -1.1465 -0.74036
0.88376 1.0946 -0.62587 -1.2954 2.1384 1.3435 1.1907 -1.0193 0.16128 0.39707 -0.76297 -0.067736
0.27297 1.3316 -0.58585 -0.89466 2.2301 1.3136 0.91483 -0.70434 0.073681 0.46219 -0.44938 -0.035349
0.66181 0.90764 -0.68436 -1.0241 2.7748 0.98704 0.96109 -1.2418 0.78852 0.27168 -0.34268 -0.51648
0.75618 0.99483 -0.59531 -0.82745 2.909 0.66635 0.95842 -1.5324 0.85898 0.18263 -0.62649 -0.50641
0.37981 1.3705 -0.5465 -0.61351 2.4581 1.2415 0.68037 -1.5651 0.56538 0.55595 -0.59909 -0.41785
0.20446 1.4741 -0.57237 -0.4257 2.3724 1.1599 0.54642 -1.5041 0.48851 0.58922 -0.1849 -0.54326
-0.045539 1.7281 -0.50988 -0.13689 2.6361 0.75169 0.43981 -1.1529 0.3482 0.64961 0.05894 -0.66503
0.0090196 1.5169 -0.25642 0.029565 2.4344 0.81625 0.79185 -1.2716 1.1064 0.1299 0.3619 -0.69911
-0.047451 1.2875 0.17823 -0.013106 2.1539 1.4661 0.81554 -1.2186 1.7898 -0.012611 0.62159 -0.4608
           
1.1382 -0.19325 -0.47657 -1.5911 -0.09585 -0.56192 -0.21283 -0.046069 1.6342 3.5714 -1.7721 -1.2704
0.76869 -0.0051023 -0.42326 -1.4766 0.11195 -0.42602 -0.20413 -0.08611 1.5367 3.0743 -2.2233 -0.5015
0.55978 0.3434 -0.36885 -1.4948 0.093532 0.24732 -0.10759 -0.26778 1.2572 3.1068 -2.2921 -0.013162
0.80136 0.52288 -0.83356 -1.8674 0.41741 0.98309 0.35321 -0.85484 0.83191 2.8502 -1.8097 -0.141
1.2202 0.11888 -1.2328 -1.8256 0.94558 0.33918 0.88351 -1.389 1.394 1.3116 -1.6847 -0.73956
0.98302 0.64115 -1.252 -1.6874 1.2821 0.02305 0.95842 -1.5274 0.96898 0.60409 -1.5425 -0.73614
0.64255 1.4194 -1.7065 -1.8105 1.5719 0.47679 0.64481 -1.1387 -0.3119 1.1477 -1.3238 -1.0854
0.19467 1.478 -1.8048 -1.4548 1.2983 1.0853 0.48188 -1.0267 -0.61579 0.93492 -0.84953 -0.8453
-0.2375 1.1944 -1.5868 -0.90229 0.96649 1.4164 0.26097 -1.1256 -0.0002523 0.19903 -0.45749 -0.41464
-0.19433 0.85765 -1.5092 -0.82031 1.2867 1.2477 0.65556 -1.6267 0.61471 -0.046933 -0.57536 -0.33913
0.090502 0.48634 -1.5533 -0.68365 1.9172 0.50538 1.2235 -1.7795 0.88313 -0.021725 -0.34513 -0.46774
-0.054373 0.48704 -1.4691 -0.56387 1.7405 0.96564 1.1456 -1.8039 0.98364 -0.054808 0.25629 -0.74238
-0.2888 0.32858 -1.3406 -0.008039 1.6194 0.88881 0.92263 -1.602 1.4574 -0.11239 0.16058 -0.93585
-0.52399 0.4012 -1.129 0.49988 1.5622 0.55582 0.76133 -1.4853 1.6476 -0.11615 0.21146 -0.91727
-0.84198 0.4684 -0.97437 0.83267 1.3592 0.5622 0.79595 -1.0452 1.3587 0.14233 0.018871 -0.75914
-0.67775 0.19427 -0.74289 0.92461 1.4229 0.53342 0.93614 -0.72821 1.5827 -0.19529 0.00090969 -1.0314
-0.63833 -0.14588 -0.36701 1.1856 1.6732 -0.092587 1.3225 -0.77718 2.5118 -1.1981 0.67099 -0.958
           
-0.51548 2.1325 0.72546 -1.3269 -0.30295 1.0363 0.70163 -0.16289 0.24903 1.6325 -0.0049992 0.73446
-0.72854 2.692 0.99087 -1.5634 -0.28024 1.1417 0.20355 0.2014 -0.15743 1.6473 0.39744 0.3678
-0.75758 2.6192 0.52673 -1.2754 0.060587 1.6031 0.48258 -0.076851 -0.32185 1.0331 0.72717 0.81856
-0.34319 1.9728 0.13687 -0.8199 0.71918 1.056 0.96876 -0.066423 0.60745 -0.083672 0.71907 0.55324
0.1357 1.7372 0.61402 -1.1845 1.1033 0.77599 0.48071 -0.09616 0.67467 0.83597 0.63126 0.51934
0.13802 1.4194 0.61885 -0.63662 1.2845 0.56889 0.32033 -0.10829 0.78873 0.59959 0.16179 0.74878
0.037401 1.2145 -0.026883 -0.38592 1.8308 0.33316 0.44 -0.15307 0.64377 0.6918 0.025884 0.45131
-0.26195 1.6698 -0.45791 -0.31094 1.7848 0.81594 0.24887 -0.53477 0.39099 0.51454 0.22085 -0.44604
-0.69463 1.6592 -0.34983 0.33619 1.2681 0.84092 0.61494 -0.45462 0.59414 -0.5075 1.3197 -0.84378
-0.91195 1.4732 -0.36267 0.81911 1.1859 0.70873 0.80512 -0.10461 0.78646 -1.1371 1.9041 -1.1448
-0.77805 1.5542 -0.66544 1.3226 1.4572 0.26777 0.43307 0.008001 0.55204 -0.23793 0.84019 -0.81533
-1.0494 1.6079 -0.88827 1.7163 1.4103 0.12437 0.15191 0.15239 0.53528 -0.18822 0.60882 -1.07
-0.99196 1.2891 -0.60549 1.9764 0.98979 0.21248 0.23061 0.14573 1.2603 -1.32 1.3923 -1.231
-0.93816 0.88274 0.29769 1.7572 1.5419 0.067017 0.49646 0.22524 1.7876 -0.72369 0.90863 -0.12043
           
-0.21915 2.3912 0.9456 -0.93102 0.017545 -1.1486 -0.44669 -0.081625 1.4019 2.5954 1.3483 1.2206
-0.40617 2.459 0.46861 -0.96339 0.070825 -1.015 -0.87851 -0.45227 0.66668 2.9232 1.0317 0.76002
-0.30518 2.2345 0.25302 -1.1083 0.61735 -1.2165 -0.3292 -0.51823 0.36212 2.4102 0.77304 0.17072
-0.30813 1.81 -0.03346 -1.2975 0.28068 -0.1386 0.23717 -0.15779 0.50266 1.7748 -0.41057 -0.13321
0.15294 1.6008 -0.60834 -1.3499 0.95388 -0.022729 0.42153 0.067602 0.24171 1.4545 -1.312 -0.56903
0.052288 1.5053 -0.61654 -1.0705 1.0759 0.16591 0.64243 0.098258 0.40985 0.62176 -1.6465 -0.62228
0.1122 1.7242 -1.2988 -0.99158 1.3869 0.456 0.04639 0.2908 -0.58447 0.55349 -2.0049 -1.5638
-0.097999 1.6131 -1.7648 -0.452 1.0003 1.503 -0.47036 0.36603 -0.85228 0.70884 -1.686 -1.4883
-0.67941 1.9548 -1.9213 -0.20747 0.90559 1.7298 0.18123 -0.6716 0.061809 -0.75379 0.41414 -1.9084
-0.61387 1.6901 -1.7812 -0.3948 1.1555 2.0912 0.35008 -0.87573 0.45448 -0.85755 1.1378 -2.0387
-0.53163 1.1574 -1.3971 -0.23367 1.3442 2.0984 0.64576 -0.6445 0.62869 -0.2453 0.68229 -1.3571
-0.92287 1.084 -1.3568 0.55753 0.87785 2.1719 1.1289 -0.58183 0.7635 0.25122 0.5357 -0.86735
-1.4478 1.2044 -1.0096 0.98833 0.86762 1.7519 1.7366 -0.26348 0.88031 -0.26845 1.3517 -0.99403
           
-0.1118 2.3977 0.71322 -0.89034 0.1565 -0.63476 0.14862 -0.0040767 1.5772 1.274 1.015 0.38848
0.29756 2.3717 0.23822 -1.111 0.71291 -1.7886 -0.32402 -0.12482 1.9992 1.2335 1.4681 -0.89209
0.15791 2.1468 0.18439 -0.73437 0.66381 -1.9255 -0.15188 -0.53535 2.1155 1.1115 1.1049 -0.15785
-0.11358 1.8994 -0.029447 -0.85232 1.1299 -1.0706 -0.16878 -0.27335 2.1324 1.7812 1.1383 0.1066
-0.018025 1.8706 -0.34622 -1.2425 1.4603 -0.33811 0.52957 0.10519 1.329 1.5626 0.69309 -0.075039
0.17472 1.9758 -0.10537 -1.418 1.3491 -0.008055 0.50655 -0.192 0.90341 1.4613 0.75816 0.22255
0.16712 2.098 -0.54781 -1.094 0.99075 0.91717 0.027489 -0.25599 0.52889 0.97612 1.219 -0.29746
0.24109 2.3005 -1.1623 -0.66439 0.75064 1.3074 -0.13561 0.054351 -0.22617 -0.37064 1.0286 -1.4879
0.20143 2.114 -1.0295 -0.80207 1.0069 1.1971 0.30837 -0.66319 -0.060521 -0.80334 0.34734 -1.3365
-0.069169 1.9196 -0.84699 -0.68281 0.67776 1.5062 0.32235 -1.2858 0.12824 -0.20328 0.24206 -0.60239
-0.18851 1.5631 -1.5033 0.23364 0.2631 1.7442 0.056608 -0.72375 -0.091255 0.044204 -0.39534 -0.90886
-0.091658 1.8437 -1.5661 -0.31356 1.035 1.625 -0.46191 -1.0181 0.066431 -0.85313 1.2954 -2.2725
-0.19327 1.9083 -1.0575 -0.11798 0.87764 2.1575 -0.36741 -0.61338 -0.27195 -0.34943 1.0019 -1.3104
-0.29832 1.4287 -0.44013 0.2189 1.1245 1.517 0.040861 -0.18108 0.00098931 0.26083 0.13662 -0.51226
-0.28884 1.2664 -0.52045 0.34639 1.2862 1.5393 0.36714 -0.39349 0.4903 0.19518 0.14077 -0.45713
-0.17751 0.93825 -0.46708 0.28118 1.6294 1.3691 0.78179 -0.52525 0.941 0.24581 0.40841 -0.39926
           
0.22678 1.5896 0.50764 -0.78976 0.42496 -1.352 0.17674 -0.8362 2.1505 1.7944 0.15832 1.0081
0.44205 1.3089 0.69387 -0.92605 0.49591 -0.95276 0.16342 -0.44062 1.9729 1.9334 -0.50973 1.181
0.32511 1.0899 0.31174 -0.82133 0.48145 0.089263 0.32566 -0.56033 2.1901 2.1982 -0.97455 1.2448
0.038965 1.5881 -0.26564 -0.69368 0.61489 0.065497 0.3788 -0.93104 1.843 2.168 0.21771 0.6745
0.27529 1.6971 0.38092 -1.0109 0.95767 -0.96308 0.17717 -1.5513 2.2086 0.76291 1.3333 0.29826
0.14375 1.519 0.19109 -0.99743 0.94351 -0.40002 0.5995 -0.96938 1.6301 0.7003 1.14 0.42771
0.43369 1.2261 -0.0036318 -0.95882 1.3578 0.072653 0.30419 -0.097362 0.92835 1.5943 -0.11986 0.61125
0.49026 1.632 -0.05701 -1.3596 1.5928 0.76517 0.3373 0.25288 0.39989 1.6056 -0.32828 0.097194
0.12034 2.0691 -0.37654 -1.4899 1.1894 1.8836 -0.023352 0.46044 -0.14992 1.822 -0.081659 -0.31686
-0.11493 2.0113 -0.2138 -1.0328 0.77779 1.6866 -0.053866 -0.19259 0.3365 1.8154 0.1536 -0.040426
-0.088533 1.4595 0.092223 -0.29408 0.47452 1.3589 0.24452 -0.81645 1.0485 1.4358 0.33624 0.62399
-0.16577 1.5284 -0.10525 0.16399 0.19004 1.5018 -0.024965 -0.39139 0.71226 1.0544 0.3175 0.17954
-0.46946 1.3545 -0.11071 1.0789 -0.40173 0.98269 -0.34241 0.22418 0.91337 0.51446 -0.16137 -0.46135
-0.40645 1.2614 0.23902 0.97607 0.16375 0.18143 -0.050455 0.076538 1.0121 -0.93215 1.5324 -0.53338
-0.043725 1.2996 0.41569 0.5079 0.85332 -0.033012 0.36971 -0.22851 0.80355 -1.5472 1.6812 -0.19998
-0.084183 1.1964 0.39989 0.80593 0.18947 0.73948 0.68817 -0.27074 0.67921 -1.2181 0.25315 0.19879
           
0.17776 1.5479 -1.3634 -0.5848 -0.64663 0.70365 -1.3123 1.0879 0.52956 1.3309 -0.06468 -2.0438
0.5177 1.1328 -1.5256 -0.92372 -0.23504 0.46032 -0.81997 0.37992 0.88659 1.5608 -0.29643 -1.9914
0.6256 0.94913 -1.2881 -1.2667 0.035529 0.094067 0.075627 -0.64182 1.9891 0.086499 0.26006 -2.124
0.98006 1.0039 -1.3236 -2.0236 0.53651 0.19227 0.66742 -1.2434 1.9901 -0.62093 1.0573 -2.527
0.65858 0.87185 -1.4416 -1.6709 -0.038922 1.1824 0.2265 -0.73435 1.6606 0.082996 0.49006 -1.9946
0.57101 0.57006 -1.1945 -1.9069 0.51395 1.2273 0.41606 -1.0246 1.7838 0.67181 0.0036501 -1.1629
0.29534 0.80108 -1.2432 -1.9092 0.82966 1.4829 0.38271 -0.83375 1.2359 0.91205 -0.43036 -0.87613
-0.18115 1.2397 -1.7013 -1.3013 0.44974 1.7969 -0.29663 -0.054956 0.34559 0.50312 -0.65955 -1.5801
-0.16183 0.83757 -1.7681 -1.3285 0.85333 1.34 0.37018 -0.43142 0.7969 -0.12589 -0.38916 -1.8574
0.10876 0.78829 -1.6574 -1.3033 1.0487 1.4647 0.44236 -0.85047 0.96325 -0.20865 -0.1277 -1.6409
-0.082991 1.0724 -2.0818 -0.77231 0.52123 2.2342 -0.13279 -0.57237 0.17 -0.18938 -0.15112 -1.8932
0.028224 0.77043 -1.9105 -0.65452 0.73381 2.0607 0.025186 -0.33391 0.0046682 -0.41959 -0.4787 -1.9331
0.17186 0.50321 -0.89261 -1.0335 1.3066 1.6471 0.54974 -0.65958 0.45991 -0.55663 -0.54894 -1.1137
-0.0010635 0.56306 -0.68232 -0.92773 1.553 1.493 0.65406 -0.91492 0.93737 -0.84802 -0.15956 -1.0241
-0.00064462 0.38697 -0.85601 -0.92778 1.8571 1.7562 0.63411 -0.55016 0.86661 -0.5685 0.20921 -1.2136
-0.35882 0.546 -0.87272 -0.4807 1.8372 1.5114 0.94467 -0.68169 1.0889 -0.56093 0.023803 -1.1022
-0.32251 0.37037 -0.64835 -0.21099 2.0218 0.85926 1.2995 -0.68793 1.4548 -1.1317 0.51465 -1.1519
-0.23992 -0.17855 -0.46677 0.35619 1.8192 0.84221 1.6109 -0.17711 1.8864 -1.2426 0.19259 -0.6334
-0.49841 0.047758 -0.45759 0.7001 1.4371 1.2122 1.373 0.21641 1.7663 -1.5337 0.3885 -0.83324
-0.77915 0.35612 -0.46538 0.80479 1.3461 1.4504 1.1778 0.44231 1.5266 -1.5545 0.66682 -1.1024
-0.93576 0.30081 -0.42606 1.1551 0.91571 1.92 0.89514 0.96376 1.3221 -0.84873 0.50484 -1.0584
           
1.7337 1.2301 0.39387 -1.7823 0.7165 -0.66444 -0.60862 -0.034173 0.73031 2.0721 -0.90605 -0.66476
1.0935 1.3388 0.96888 -1.9021 0.25734 0.26119 -0.50903 0.20893 0.39945 2.0146 -0.90301 -0.11183
0.57162 1.2015 1.012 -1.5687 -0.0043204 0.86359 -0.94856 0.45115 0.20737 2.0224 -1.1367 0.19887
0.80149 1.0018 0.58987 -1.6016 0.44014 1.4832 -0.71274 0.56681 0.2783 2.1259 -1.4641 0.11666
0.22751 1.4348 0.022981 -0.8236 0.24786 1.4219 -0.45596 -0.11421 0.25008 2.1082 -1.8938 1.1721
0.15875 1.5136 0.02858 -0.51599 0.26077 1.095 -0.31924 -0.83449 0.48375 2.0649 -1.5837 1.6062
0.021342 1.812 0.15639 -0.58624 0.27378 1.376 -0.46856 -0.6281 0.092256 1.6066 -1.1412 1.4463
-0.4216 2.0754 0.29187 -0.44021 0.38722 1.384 -0.64749 -0.35777 0.099398 1.1021 -1.0765 1.5206
0.079367 1.2217 -0.064246 -0.7122 1.0915 1.5068 -0.2027 -0.81004 0.8759 1.0017 -1.0832 1.233
-0.13862 1.1809 0.13693 -0.3435 0.83875 1.3936 0.22964 -1.2544 1.3889 0.64599 -1.3414 1.5342
-0.3727 1.4546 0.73626 -0.055348 0.57416 0.88356 0.31803 -1.2831 1.5453 0.042665 -0.85858 1.3512
-0.48472 1.6755 1.0218 0.23889 0.3448 0.57408 0.047255 -0.8786 1.3234 -0.79857 0.56552 0.51364
-0.73163 1.6669 1.083 0.45917 0.16677 0.62349 -0.49917 -0.4921 1.3608 -0.51749 0.56726 -0.12288
-0.66637 1.2389 0.97241 -0.087996 0.48688 2.1033 0.038949 -0.60524 1.015 0.51136 0.080405 0.75378
-0.62353 0.96678 1.1803 0.29857 0.65314 2.0424 0.078382 -0.16798 0.75824 0.28287 -0.31649 0.9137
-0.60425 0.90563 1.5368 0.81118 0.51446 1.2636 0.2116 -0.063289 1.0992 -0.18235 -0.4095 0.65835
           
0.23956 2.6395 1.033 -0.84262 -0.075377 -0.99489 -0.32085 -0.90973 1.5925 2.3596 1.0854 0.80607
-0.09776 3.0295 0.68543 -0.51048 -0.64319 -0.97718 -1.6433 -0.83422 0.80882 2.4044 0.90321 0.51851
-0.20781 2.4452 0.89115 -0.46649 -0.65861 -0.16291 -1.3698 -0.68389 0.84166 2.5515 0.21869 1.1495
0.15116 2.0447 1.1521 -0.58678 -0.037071 -0.67712 -1.0985 -1.0513 1.3988 1.753 0.066034 0.96647
0.51467 1.8482 0.40798 -0.70927 0.4524 -0.34298 -0.82024 -0.74452 1.4627 0.63207 0.0091186 -0.29019
1.1944 1.2738 -0.2448 -1.2412 1.1506 0.5702 0.041526 -0.42555 1.7652 -0.27886 -0.55242 -1.7048
0.9431 1.5564 -0.35405 -0.9088 0.61707 0.97346 -0.11132 -0.46646 1.58 -0.28304 -0.16734 -1.6202
-0.25561 2.7288 -0.33921 -0.14644 -0.53738 1.9408 -0.36359 -0.65822 0.54887 0.18206 -0.70424 -0.60467
-0.76008 3.514 -0.40008 -0.29284 -0.82011 2.4468 -0.012336 -0.88169 -0.70449 0.49212 -0.49435 -0.062681
-0.90744 3.3112 -0.68339 -0.3704 -0.57871 2.1782 0.37182 -1.1582 -0.21977 -0.47639 0.51154 -1.2279
-0.92622 3.0098 -0.54707 -0.19952 -0.38132 2.7707 0.078313 -1.0087 -0.40564 -0.019697 -0.041432 -0.44311
-0.77185 2.219 -0.23751 -0.10936 0.58192 2.1592 0.83561 -1.1318 0.32382 -0.41299 -0.09678 -0.21772
-0.74025 1.9589 0.099 0.21045 0.75196 1.7377 1.3625 -1.1321 0.82941 -1.3478 0.38896 -0.69425
-0.75031 1.5198 0.61883 0.95202 0.52791 1.238 1.2226 -0.45536 1.2088 -1.5432 0.32981 -0.54606
-1.2998 1.0501 0.59007 1.4794 0.5969 0.96292 1.424 -0.11192 1.793 -1.4782 0.79756 -0.42282
           
-0.12267 1.0385 0.27282 -0.83565 -0.11176 -0.12316 -0.4584 0.66928 1.6547 1.9961 -0.10403 -0.036633
0.56492 1.1849 -0.23981 -1.2608 0.52401 -0.33697 0.062754 0.78386 1.8634 1.6541 0.33122 -0.91563
0.73432 1.3542 -0.26285 -1.3382 0.49014 -0.14899 0.15436 0.78557 1.7488 1.2304 0.58639 -1.2483
0.83593 1.2801 -0.2441 -1.3961 0.67472 -0.076006 -0.16963 0.56265 1.1908 2.1802 -0.33906 -0.75175
0.59478 1.4868 -0.3602 -0.95203 0.40169 -0.048931 0.26724 0.37968 0.97623 1.3645 -0.26994 -0.38848
0.15385 1.9334 -0.23182 -0.85797 -0.26336 0.75612 0.29703 -0.22822 0.96733 0.060827 0.46208 -0.53116
-0.15776 2.1165 -0.56863 -0.90033 -0.23138 1.5964 -0.078156 -0.12422 0.19576 0.34353 0.28223 -0.4049
-0.11321 1.577 -1.1239 -0.57489 0.079802 1.7377 0.0072551 0.12669 0.43995 0.24999 -0.10534 -0.64827
0.25 0.97775 -1.2004 -0.22975 0.50105 0.71788 0.41228 -0.26637 1.0461 -0.21935 -0.049309 -0.65243
0.62728 1.2379 -1.0912 -0.64648 1.2388 0.50709 0.57092 -0.61747 0.52344 0.64457 -0.11061 -0.29553
0.58727 1.5044 -1.058 -1.3149 1.6022 0.99851 0.99902 -1.2157 0.53584 0.65759 0.99163 -0.39131
0.30545 1.3169 -1.3598 -0.74922 1.5738 1.0003 1.302 -0.64401 0.3884 0.44539 1.1396 -0.516
-0.044663 0.88678 -1.0712 -0.2213 1.085 1.89 1.1521 -0.018575 0.38982 0.65053 0.51625 -0.10089
-0.19399 0.65233 -0.56648 -0.11431 1.2649 1.3406 1.0125 -0.038568 1.02 0.13045 0.65068 0.17908
-0.54609 0.90164 -0.56437 0.37594 0.87305 1.7961 0.18539 0.50458 0.57084 0.4943 0.31373 0.30839
-0.76329 0.79722 -0.45777 0.35554 1.2086 1.8934 0.14944 0.74914 0.49312 0.72678 0.066409 0.29822
-0.64345 0.54063 -0.27247 0.27369 1.7417 1.5565 0.71958 0.51752 0.94333 0.40532 0.11432 0.45574
-0.30704 0.43476 0.16691 0.4017 1.7479 1.0907 1.5928 -0.52693 1.8624 -0.40689 0.54086 0.98226
-0.72004 0.81783 -0.0039802 0.95467 1.4037 1.2641 0.96064 0.7246 0.55388 0.090625 -0.34582 0.76801
-1.2852 0.90712 0.23339 1.257 1.1491 1.2772 1.0035 0.90456 0.68385 0.21542 -0.54621 1.0601
-1.0503 0.76754 -0.0044863 1.23 1.6378 0.82301 1.1471 0.79917 0.80865 -0.020047 -0.41349 0.70413
           
0.18677 1.729 0.8003 -1.2767 0.0052147 -1.888 -2.054 -0.13953 1.1916 1.9384 0.28911 0.18512
0.59597 1.0338 -0.067905 -1.4909 0.40389 -1.4984 -0.67349 -0.51628 2.2535 1.3111 0.2937 -0.65272
0.76761 0.69109 -0.49616 -1.0299 0.05782 -1.3542 0.36752 -1.4025 3.5286 0.51917 0.28663 -0.90817
0.59641 1.2254 -0.60744 -1.2219 0.45101 -1.1391 0.11137 -0.82616 2.4765 0.73316 0.15648 -1.3358
0.52741 1.151 -0.15537 -1.3022 0.86827 -1.3741 0.22471 -0.65592 2.3366 0.76821 -0.37583 -0.55014
0.71407 1.2215 -0.35857 -1.3351 1.1224 -1.4364 0.12338 -0.78249 1.8672 0.84336 -0.40321 -0.54562
0.52302 1.5623 -0.64149 -1.6674 1.209 -0.66098 0.1194 -0.65899 1.0638 0.8467 -0.13183 -0.96521
0.63371 1.7849 -0.71489 -1.7384 1.2355 -0.23528 0.63517 -0.94831 0.51343 0.68946 0.055397 -0.65214
0.71389 1.6982 -0.3106 -1.9274 1.3544 -0.27588 1.0052 -0.96782 0.43465 0.19093 0.25319 -0.31342
0.53457 1.7338 -0.68574 -2.1058 1.5566 0.0027596 0.81816 -1.2608 0.22608 0.38552 0.63973 -0.6939
0.49192 1.6588 -1.1606 -1.6857 1.8801 -0.10548 0.78916 -1.5353 0.17627 0.35016 0.90872 -0.78348
0.49147 1.3512 -1.4684 -0.81383 1.6816 -0.12224 0.69746 -1.2397 0.26755 -0.152 0.12685 -0.56317
0.15351 1.4865 -1.5248 -0.61417 1.2769 0.65607 0.25671 -1.1293 0.069332 -0.11045 -0.035242 -0.9713
-0.058755 1.7332 -1.5559 -0.66395 1.2831 1.1586 0.049726 -1.2561 -0.15598 0.28068 -0.0047156 -1.2516
-0.00091248 1.7518 -1.2326 -0.69885 1.3429 1.1442 0.18767 -1.1158 -0.42463 0.16736 0.073592 -1.2788
-0.028441 1.7903 -1.2004 -0.23883 0.93566 1.3162 -0.16516 -0.79422 -0.71876 0.064367 0.049049 -1.3676
           
-0.13109 2.3406 0.41559 0.32903 0.05007 -1.73 -0.56676 0.40976 1.263 0.824 0.10484 0.064523
-0.090014 2.6413 0.10154 0.078101 0.75593 -1.9565 -0.17401 0.62434 1.0107 0.84077 -0.54842 -0.61836
-0.29885 3.0125 0.21657 0.12597 0.21991 -1.7773 -0.58863 0.25202 0.88963 0.78601 -0.40464 -0.51754
-0.26879 2.4424 0.0086958 0.11734 -0.1886 -1.0803 0.08292 0.13748 1.2741 0.62557 -0.30637 -0.36065
-0.49818 2.0438 -0.17967 0.2894 -0.21918 -0.82988 0.89489 0.059577 2.0414 -0.15062 -0.37685 -0.60451
-0.18188 1.7737 -0.24783 0.092264 -0.091537 -0.54007 1.0696 -0.42866 2.4433 -0.2424 -0.48663 -0.62513
0.23335 1.2168 0.041765 -0.10308 0.1306 -0.22246 1.5337 -0.51749 2.4722 -0.45414 -0.88879 -0.024869
-0.59442 1.9025 -0.17601 0.043361 -0.19136 0.23715 1.661 -0.26737 1.3819 -0.50835 -0.54364 0.03305
-0.7343 1.9471 -0.54863 -0.2297 0.12302 0.49552 2.1586 -0.20333 0.71534 -0.6947 -0.18615 -0.37458
-0.31903 1.7152 -1.1288 -0.43588 0.43784 1.0543 1.86 -0.084569 0.2669 -0.40295 -0.70512 -0.7029
-0.028139 1.6091 -1.3579 -0.33191 0.65861 1.4068 0.84926 -0.44279 0.29153 0.18698 -1.3882 -0.57705
-0.15199 1.4531 -1.2339 -0.37431 1.241 0.77486 0.70671 -0.67708 0.5573 0.011785 -0.92517 -0.77228
-0.30935 1.358 -1.2493 -0.23396 1.0133 1.4071 0.23439 -0.96544 0.61117 0.27163 -0.34783 -0.53543
-0.23205 1.4332 -1.4572 -0.18367 0.89309 1.7329 0.32351 -1.2105 0.67112 -0.60368 0.58956 -1.2332
-0.39171 1.0609 -0.74349 0.27624 0.70739 1.6651 0.12683 -1.1061 0.99738 -0.43203 -0.5683 0.029576
-0.23589 0.89169 -0.54357 0.32959 0.95233 1.5988 -0.44391 -0.90488 0.69148 0.344 -1.4645 0.42798
-0.51835 0.8852 -1.1554 0.89702 0.60896 1.5206 -0.32789 -0.67054 0.49878 0.030537 -1.1235 -0.20222
-0.61242 0.76577 -0.67572 0.76749 0.97873 1.3337 -0.031329 -0.60865 0.649 0.31213 -1.3065 0.24245
-0.77691 1.3599 -1.0711 0.89315 1.1113 1.3656 0.13166 -0.48315 0.20831 0.1204 -0.79298 -0.12645
-0.92605 0.83263 -0.43549 1.2241 0.98735 0.92521 0.083795 -0.48989 1.1163 -0.37017 -0.82079 0.20043
-1.1019 0.83083 -0.30017 1.526 0.85288 0.85821 -0.36956 -0.24843 1.1463 0.080589 -0.93434 0.12185
           
0.66286 2.1584 0.50016 -0.62649 0.75137 -2.7344 -1.165 -0.49893 1.3416 0.67189 0.22981 -0.49938
0.43038 2.274 0.29378 -0.81933 0.97603 -2.9404 -0.59115 -0.61679 1.7116 1.1936 -0.22379 -0.61671
0.20107 2.0941 0.22361 -0.91543 0.5394 -1.9916 -0.55723 -0.79745 1.967 1.1993 -0.13883 -0.54933
0.24328 2.1426 0.012031 -0.91286 -0.16415 -0.24428 -1.1559 -0.42538 1.4246 2.2218 -0.82457 -0.43944
0.20257 1.8902 0.16323 -0.85816 0.19017 -0.69705 -0.7541 -0.43136 1.8509 1.7013 -1.0455 -0.23181
0.17921 2.0564 -0.092722 -1.1489 0.71562 -1.5263 -0.13111 -0.96615 2.2444 0.43267 0.42007 -1.3333
-0.13881 2.42 -0.54369 -0.99958 0.73644 -1.1834 -0.0082874 -0.48701 1.2855 0.35251 0.28383 -1.7541
-0.17863 2.3578 -0.5669 -0.95764 0.97909 -0.67006 0.60027 0.14929 0.1657 0.52188 -1.0752 -0.99909
-0.40396 2.5573 -0.28742 -0.84234 0.69444 -0.13289 0.62186 0.060509 -0.33297 0.69332 -0.7859 -0.29894
-0.43045 2.1265 -0.43022 -0.39792 0.5817 0.025203 0.12622 -0.79068 0.39029 0.96811 0.17181 0.18386
-0.48861 1.8911 -0.59887 -0.44967 0.97266 0.029095 0.36069 -0.4887 0.35321 0.24506 0.50303 -0.19083
-0.75191 2.834 -0.41062 -0.79272 0.84104 0.97468 0.7864 -0.10312 -1.0489 0.2692 0.78735 0.080013
-0.44937 2.5474 -0.9551 -0.32962 1.0222 1.0582 -0.19494 0.071319 -0.86022 0.57983 -0.10417 -0.16717
-0.68756 2.2028 -0.76411 0.046875 0.79441 0.92611 -0.88421 -0.10023 0.20002 0.88563 -0.53164 2.9228e-05
-1.088 2.2496 -1.2411 0.61874 0.35822 1.4851 -0.71488 -0.0053725 0.084714 0.39676 -0.2544 -0.032067
-1.3131 2.0441 -1.371 1.0396 0.21361 1.6206 -0.49139 0.2258 0.062394 0.25579 0.10031 0.12477
-1.2384 1.7853 -1.0981 0.90103 0.54958 1.5936 -0.4781 0.23973 0.30504 0.39196 0.30746 0.57937
-0.98818 1.8853 -1.217 0.94085 0.47747 1.6525 -0.11317 0.0087556 0.088336 0.41632 0.27231 0.44661
-0.51388 1.3562 -1.5668 0.87047 1.0508 0.85936 0.46504 -0.26628 0.18507 0.045529 0.24755 -0.28084
-0.61159 1.3667 -1.7942 1.2556 0.92939 0.69943 0.74471 -0.11066 0.38984 -1.0648 0.96923 -1.0574
-0.52605 1.4827 -1.779 1.6609 0.72219 0.7063 0.3658 0.22476 0.27275 -1.2452 0.97615 -1.0497
-0.63975 1.5071 -1.0235 1.3605 1.1862 0.75411 0.24574 0.087479 -0.046208 0.30087 -0.26083 0.47088
-0.88113 1.4506 -0.088638 0.85571 1.2018 1.3228 0.03667 -0.23097 0.094442 1.0558 -0.64041 1.4187
-0.71199 1.201 -0.4053 1.412 1.1721 1.0406 -0.088751 0.31498 0.070294 0.32242 -0.59519 0.71838
-0.322 0.78945 -0.42732 1.8029 1.3106 0.13138 0.64413 -0.30416 1.1176 -0.91346 -0.23924 0.1482
