0.33761 -1.3043 -0.094354 -1.0142 -2.0635 0.32204 -0.34159 0.68432 2.8623 1.1649 -0.31509 -0.37634
0.1911 -1.7404 0.2709 -1.2648 -1.9845 0.63949 -0.31172 0.61061 2.9435 0.75682 -0.57981 -0.40359
-0.43697 -1.1519 -0.33861 -0.52097 -2.4423 0.96116 -0.59842 0.96453 2.2684 0.89403 -0.96792 0.19554
-0.48651 -1.1242 -0.74659 -0.31541 -2.2632 0.91041 -0.34446 0.84567 1.9046 0.62189 -1.0539 0.51368
-0.48573 -1.16 -0.77163 -0.31363 -2.3118 1.3532 -0.46771 0.74708 1.5304 0.52074 -1.0837 0.69598
0.20596 -1.5091 -0.43905 -0.71264 -1.7829 1.4058 -0.45201 0.33608 1.8168 0.22731 -1.1708 0.64482
-0.25523 -0.95639 -0.97894 -0.10066 -2.1764 1.8398 -0.77108 0.51097 0.97161 0.17707 -1.4845 0.8641
0.080887 -1.2 -0.43687 -0.67535 -1.3915 1.4643 -0.59247 0.022667 0.98739 -0.45243 -1.1704 0.77171
0.28945 -1.3285 0.21166 -1.1486 -0.75449 1.3494 -0.89095 -0.34492 0.73769 -0.81763 -0.54962 1.1026
0.03301 -1.1123 0.24927 -1.0059 -0.79203 1.5322 -1.0441 -0.4749 0.39454 -0.69918 -0.15574 1.4784
-0.37048 -0.65923 0.06841 -0.69365 -0.82545 1.47 -1.0817 -0.63854 0.0016606 -0.38577 -0.11386 1.7983
-0.64536 -0.41828 0.12499 -0.48709 -0.93534 1.5325 -1.2517 -0.79681 -0.18384 -0.23725 0.057585 1.7006
-0.9826 -0.24781 0.24309 -0.29938 -1.1901 1.6314 -1.5073 -0.94077 -0.37361 -0.11959 0.27196 1.5264
-1.2902 -0.26902 0.26482 -0.21714 -1.2101 1.495 -1.3937 -1.1052 -0.42235 -0.10718 0.40739 1.4687
-1.5403 -0.26838 0.32407 -0.28057 -1.223 1.5614 -1.4505 -1.3549 -0.32771 0.17748 0.50875 1.3378
-1.6916 -0.23236 0.41295 -0.24754 -1.2602 1.8372 -1.6208 -1.2452 -0.30169 0.42399 0.59628 1.1609
-1.7863 -0.2835 0.54988 -0.19615 -1.0524 1.8979 -1.093 -1.3314 -0.016528 0.45788 0.45103 0.88484
-1.8763 -0.42561 0.65508 -0.056841 -0.88326 2.0518 -0.68602 -1.3125 0.22865 0.27681 0.07245 0.39594
-1.9618 -0.38181 0.78833 -0.014401 -0.94666 2.2129 -0.873 -1.3444 0.2455 0.34584 -0.11167 0.014292
-2.0615 -0.18399 0.97973 -0.07462 -0.94432 2.0418 -0.9679 -1.6702 0.29594 0.60592 -0.19355 -0.11965
-2.1441 -0.16635 1.1826 -0.092526 -0.77783 1.7164 -0.84486 -1.8474 0.44867 0.76293 -0.38789 -0.1747
           
-0.14036 0.26569 0.8708 -0.70847 -2.7709 -1.269 -0.50001 -0.77312 2.3494 1.0234 0.58589 1.154
0.083931 -0.19804 0.90075 -0.89629 -2.4632 -0.76152 -0.55034 -0.16351 2.1918 0.76668 0.11577 0.93916
-0.37865 0.10054 0.33937 -0.31626 -2.6936 -0.42544 -0.54343 0.076234 2.0206 0.1239 -0.39292 0.83529
-0.32619 -0.28462 0.20389 -0.5765 -2.1134 -0.58726 0.12317 -0.24858 2.2063 -0.34332 -0.73349 0.85833
-0.52779 -0.44643 -0.0067417 -0.5154 -2.0961 -0.046802 0.10222 0.0074323 1.9558 -0.599 -1.0868 0.70586
-0.49354 -0.58904 -0.070551 -0.55872 -1.7915 0.18472 0.095741 0.11414 1.6894 -0.90817 -1.3516 0.68366
-0.28779 -0.87942 -0.085664 -0.70294 -1.265 0.15209 0.27137 -0.030037 1.5009 -1.0652 -1.4451 0.91532
0.00067932 -1.2202 -0.255 -0.76565 -0.79826 0.1485 0.40654 -0.29632 1.2274 -1.281 -1.3993 1.3111
-0.045161 -1.3727 -0.35461 -0.62732 -0.75013 0.52039 0.20891 -0.3113 0.80523 -1.4203 -1.2147 1.562
-0.30335 -1.3906 -0.27901 -0.60467 -0.54984 0.58725 0.14227 -0.46517 0.4939 -1.2638 -1.1656 1.8661
-0.47373 -1.3558 -0.14067 -0.42769 -0.29191 0.34401 0.47223 -0.78383 0.49943 -1.1265 -1.0382 2.3075
-0.59178 -1.2214 0.058083 -0.16901 -0.25547 0.49916 0.46575 -0.85204 0.49017 -1.0048 -0.70072 2.2048
-0.57733 -1.1665 0.24863 -0.23224 -0.37072 0.71697 0.32044 -1.012 0.25312 -0.67905 -0.39754 1.8119
-0.60914 -1.0967 0.4689 -0.36918 -0.41632 0.6089 0.44729 -1.4425 0.11899 -0.24751 -0.18567 1.6949
-0.8835 -1.0004 0.57852 -0.33618 -0.53695 0.66629 0.44282 -1.8334 0.17385 -0.082043 -0.059141 1.4333
-1.1461 -0.96798 0.63622 -0.25091 -0.62312 0.77831 0.39633 -2.0626 0.24109 0.19234 0.087832 1.3316
-1.3492 -0.86979 0.74687 -0.11893 -0.69416 0.91613 0.24056 -1.9719 0.23732 0.46478 0.25565 1.3594
-1.3832 -0.86759 0.8348 -0.1085 -0.59674 1.0929 0.28815 -1.7896 0.36382 0.75364 0.3277 1.2871
           
-0.47125 1.1032 -0.022233 -1.3194 -0.75582 -1.6246 -1.4085 0.27835 1.2541 1.3795 -0.62684 -0.4113
-0.28006 0.83753 -0.028441 -1.5773 -0.41588 -1.5046 -1.1961 0.02932 1.4878 1.1726 -0.7264 -0.51648
-0.39446 0.70957 -0.17095 -1.4134 -0.35731 -1.255 -1.0777 0.090411 1.5237 0.91659 -0.98682 -0.40761
-0.58976 0.71167 -0.41609 -1.1182 -0.4815 -0.91074 -1.0404 0.15736 1.4018 0.72731 -1.2233 -0.18378
-0.63591 0.74399 -0.69004 -0.97632 -0.51785 -0.69836 -0.76709 0.031386 1.2901 0.46246 -1.3203 -0.19498
-0.53437 0.54958 -0.81329 -1.0434 -0.26573 -0.66935 -0.51272 -0.029478 1.1594 0.21493 -1.301 -0.23797
-0.61676 0.4493 -0.88972 -0.86549 -0.22699 -0.5537 -0.38589 0.049847 0.95505 0.011385 -1.1821 0.010351
-0.69601 0.33909 -0.79576 -0.69091 -0.1172 -0.46483 -0.26268 0.16423 0.75219 -0.10049 -1.232 0.54036
-0.79678 0.23136 -0.67478 -0.46981 -0.097673 -0.3843 -0.044362 0.038471 0.67242 -0.22934 -1.4104 1.2345
-0.80395 0.058451 -0.58701 -0.34433 -0.086311 -0.35754 0.22088 -0.27027 0.68628 -0.39826 -1.5623 1.6761
-0.72397 -0.14806 -0.53838 -0.32249 -0.046475 -0.29694 0.39017 -0.56597 0.66625 -0.63903 -1.5927 1.7818
-0.67296 -0.33728 -0.51797 -0.28416 -0.064902 -0.17097 0.46936 -0.85061 0.64347 -0.76777 -1.4825 1.7862
-0.67715 -0.47193 -0.4559 -0.17893 -0.048859 -0.052615 0.46079 -1.0598 0.58713 -0.67128 -1.4247 1.8578
-0.82196 -0.43885 -0.24845 0.039386 -0.088223 0.08665 0.24625 -1.1304 0.5277 -0.58831 -1.1926 2.0936
-1.0399 -0.27219 -0.076655 0.31242 -0.22235 0.18969 0.01287 -1.27 0.44733 -0.56238 -0.72692 2.214
-1.092 -0.22451 0.15376 0.21374 -0.19276 0.1897 0.15173 -1.695 0.50076 -0.46507 -0.38598 2.2241
-1.218 -0.072916 0.30177 0.39011 -0.26032 0.15839 0.10247 -1.74 0.36712 -0.66263 -0.093155 2.1827
-1.2469 -0.082163 0.49609 0.51648 -0.22477 0.027297 0.098658 -1.767 0.25105 -0.78344 -0.08269 2.2794
-1.3358 -0.021653 0.62068 0.51331 -0.34125 0.19632 -0.14607 -1.6239 -0.068542 -0.43327 -0.21039 2.1503
-1.3701 0.011846 0.80734 0.35082 -0.35253 0.36018 -0.30931 -1.5991 -0.2558 0.078065 -0.2675 1.9859
-1.4106 -0.035745 0.9703 0.22212 -0.37866 0.52895 -0.32671 -1.6189 -0.22445 0.55247 -0.30501 1.7393
-1.5801 -0.092659 1.0636 0.29707 -0.45618 0.76312 -0.25604 -1.4532 -0.0033641 0.88646 -0.3262 1.3916
-1.8277 -0.090444 1.2016 0.34516 -0.53773 1.3303 -0.16625 -1.0961 0.18588 1.4208 -0.29612 0.86831
           
-0.58762 0.60395 0.31277 -1.7532 -0.69767 -1.5099 -1.2858 1.0093 0.60544 0.39461 -0.29481 -1.1353
-0.51844 0.42668 0.14244 -1.6627 -0.37709 -1.4861 -0.95977 0.93439 0.57525 0.027854 -0.65011 -0.90754
-0.60139 0.32165 -0.085022 -1.4967 -0.19027 -1.1836 -0.59875 0.78483 0.39163 -0.42927 -0.9894 -0.55061
-0.63533 0.093744 -0.32197 -1.3674 -0.015479 -1.0089 -0.31763 0.69765 0.21415 -0.95784 -1.4644 -0.43842
-0.63593 -0.083621 -0.49175 -1.2849 0.11567 -0.8848 -0.21269 0.54334 -0.024927 -1.0621 -1.6511 -0.23461
-0.80184 -0.045257 -0.5746 -0.96316 0.02118 -0.62831 -0.19569 0.27983 -0.35776 -0.83335 -1.5703 0.50523
-0.98925 -0.043918 -0.51651 -0.59773 -0.11028 -0.259 -0.26241 0.12127 -0.71304 -0.63371 -1.6366 1.4709
-1.1726 -0.15338 -0.39834 -0.37427 -0.17282 -0.014728 -0.30179 0.014393 -0.77743 -0.45824 -1.7739 2.0885
-1.2447 -0.3229 -0.1813 -0.27977 -0.12157 0.15851 -0.35094 -0.16691 -0.6507 -0.29613 -1.525 2.363
-1.3134 -0.31113 -0.012324 -0.10237 -0.044116 0.32531 -0.2836 -0.36797 -0.54111 -0.38359 -1.0638 2.2887
-1.3623 -0.36196 0.052112 0.011701 0.042956 0.48432 -0.13449 -0.50248 -0.42163 -0.74758 -0.71235 1.9239
-1.4515 -0.46849 0.13359 0.15306 -0.00066463 0.49499 -0.24028 -0.74053 -0.21665 -0.90199 -0.7386 1.8927
-1.4967 -0.57363 0.18145 -0.057388 -0.052356 0.7236 -0.24988 -1.1345 -0.16442 -0.50711 -0.88595 1.5747
-1.4669 -0.50393 0.39375 -0.72694 -0.20547 1.1959 0.014101 -1.8205 -0.29745 0.19911 -0.34515 0.93889
-1.5301 -0.38178 0.69348 -0.51756 -0.38136 0.92694 0.076056 -1.8501 -0.25137 0.18943 0.084528 1.1152
-1.6844 -0.35145 0.77314 -0.0059082 -0.49014 0.65836 -0.091953 -1.4031 -0.06934 -0.12621 0.013919 1.3014
-1.7954 -0.45813 0.78836 0.38108 -0.43341 0.53337 -0.23958 -0.9401 0.31545 -0.20542 -0.34433 1.2912
-1.8586 -0.49732 0.79152 0.46639 -0.37952 0.77119 -0.33958 -0.75502 0.49998 0.16594 -0.54512 1.1056
-1.848 -0.56189 0.94089 0.25307 -0.37316 1.1643 -0.266 -0.71499 0.39985 0.65915 -0.57412 0.68652
-1.7548 -0.69678 1.1916 0.10813 -0.22439 1.1703 0.0030418 -0.63282 0.334 1.0672 -0.53695 0.42787
-1.6994 -0.79557 1.3284 0.076181 -0.03203 1.1096 0.21462 -0.4986 0.29215 1.3163 -0.5582 0.21627
-1.78 -0.81988 1.4493 0.25943 0.066555 1.0189 0.3135 -0.30901 0.4243 1.3348 -0.69754 -0.006004
-1.8679 -0.8416 1.5342 0.37275 0.1498 1.0877 0.44021 -0.21018 0.56179 1.2605 -0.81134 -0.10653
           
-0.4011 0.20551 0.60576 -1.1472 -1.3293 -1.6275 -1.2236 0.49522 1.9328 0.18821 0.41639 0.18623
-0.25606 -0.0058023 0.4013 -1.2903 -0.87022 -1.7573 -0.81293 0.37836 2.0745 -0.03817 -0.079133 0.14792
-0.27666 -0.18048 0.18653 -1.3026 -0.79447 -1.3479 -0.67974 0.50235 1.97 -0.24418 -0.30892 -0.048961
-0.46521 -0.32597 -0.057394 -1.2832 -0.89182 -0.62617 -0.72801 0.69765 1.6348 -0.47354 -0.43971 -0.3939
-0.34359 -0.5814 -0.1474 -1.5572 -0.57874 -0.22945 -0.67086 0.60128 1.2958 -0.63901 -0.59189 -0.47922
-0.46635 -0.61805 -0.32893 -1.4698 -0.45802 0.060887 -0.61895 0.5356 1.0208 -0.83809 -0.75131 -0.26482
-0.50264 -0.76656 -0.34238 -1.4347 -0.28154 0.21721 -0.60487 0.556 0.76984 -0.95287 -0.79168 -0.049105
-0.60999 -0.87615 -0.3099 -1.2423 -0.15633 0.2856 -0.58453 0.46269 0.58489 -0.98679 -0.62729 0.45275
-0.75896 -0.87827 -0.2496 -0.84927 -0.12391 0.43552 -0.72616 0.34231 0.41406 -1.1001 -0.43969 1.0977
-0.89308 -0.86543 -0.15033 -0.59769 0.020617 0.49027 -0.71592 0.21647 0.26609 -1.1947 -0.42464 1.4548
-1.0039 -0.88863 -0.0073623 -0.41255 0.25167 0.39571 -0.56218 0.06125 0.19573 -1.3153 -0.58611 1.5837
-1.0632 -0.98295 0.08669 -0.27614 0.34421 0.36192 -0.58031 -0.064574 0.12948 -1.4769 -0.67732 1.4189
-1.1294 -0.97293 0.15093 -0.23603 0.3415 0.13936 -0.60442 -0.37051 0.18249 -1.3763 -0.66606 1.2679
-1.1795 -0.86385 0.2658 -0.20336 0.28095 -0.080234 -0.69804 -0.68766 0.21404 -1.0748 -0.54033 1.2582
-1.2605 -0.79709 0.37272 -0.24622 0.23237 -0.076788 -0.98254 -0.81697 0.2092 -0.7688 -0.38423 1.0352
-1.3192 -0.79927 0.49884 -0.31318 0.19321 0.068093 -1.2682 -0.90649 0.19645 -0.32826 -0.20784 0.74828
-1.351 -0.86391 0.64381 -0.3343 0.098105 0.26123 -1.3291 -0.87791 0.23387 -0.032096 -0.0084246 0.44273
-1.5119 -0.91359 0.80367 -0.070228 0.047886 0.14715 -0.95135 -0.78305 0.54959 0.059186 -0.027608 0.28901
-1.7229 -0.82746 1.0652 0.20086 0.13046 0.25377 -0.61778 -0.35 0.71626 0.10049 -0.094917 0.18391
-1.7816 -0.86497 1.301 0.27229 0.29564 0.61412 -0.30485 0.089337 0.82652 0.1845 -0.20455 -0.11853
-1.9052 -0.95391 1.4116 0.35768 0.43773 0.84764 0.10748 0.24196 1.0219 0.14333 -0.53541 -0.39998
           
-0.10193 -0.54576 2.2235 -0.95751 -2.8418 -0.72246 -2.2058 0.0068595 3.0231 0.8413 1.7588 1.4496
-0.24533 -0.50095 1.93 -1.0077 -2.7134 -0.39521 -2.208 0.17208 2.8745 0.58541 1.1568 1.0172
-0.26141 -0.49508 1.7389 -1.0868 -2.4705 -0.15775 -2.1868 0.33069 2.6836 0.16026 0.71708 0.6065
-0.39284 -0.46448 1.4292 -0.96545 -2.1816 0.15852 -1.9184 0.63506 2.2599 -0.41254 0.2047 0.30896
-0.60633 -0.36271 1.0804 -0.79796 -1.8729 0.60525 -1.4703 0.84838 1.5547 -0.99297 -0.24579 0.21137
-0.7895 -0.1359 0.73559 -0.59542 -1.4339 0.52901 -1.0086 0.66875 0.79281 -1.1981 -0.23433 0.52555
-0.93274 -0.022612 0.51979 -0.38189 -0.85847 0.31381 -0.4669 0.28373 0.28958 -1.4599 0.016973 1.0132
-0.97951 -0.04128 0.48059 -0.28161 -0.32394 0.16569 -0.04044 -0.20101 -0.10223 -1.8014 -0.05151 1.6109
-0.81886 -0.21837 0.42105 -0.30406 -0.088287 -0.047419 0.082361 -0.6547 -0.1864 -1.9171 -0.11918 1.9865
-0.73591 -0.27114 0.43597 -0.25618 -0.26127 0.029515 -0.26144 -0.8365 -0.23329 -1.67 0.051496 2.0499
-0.78219 -0.23025 0.60507 -0.21173 -0.29128 -0.22081 -0.32999 -1.2473 -0.11944 -1.2556 0.41904 2.03
-0.95825 -0.075447 0.82918 -0.15297 -0.33615 -0.22494 -0.48989 -1.5968 -0.056023 -0.67043 1.099 1.9837
-1.187 0.078034 0.93672 -0.16805 -0.37922 0.18396 -0.32572 -1.7333 -0.054169 -0.23567 1.62 1.7368
-1.4448 0.18883 1.0746 0.02411 -0.44779 0.79114 0.018239 -1.4748 -0.018834 0.034406 1.6818 1.4956
-1.608 0.22602 1.1977 0.16513 -0.33037 1.1548 0.36642 -1.2448 0.083768 -0.028716 1.3661 1.0921
-1.6153 0.13086 1.3821 0.075903 -0.086421 1.2941 0.8035 -1.2741 0.27411 -0.033816 0.97123 0.4995
-1.6072 -0.0034065 1.4849 0.0087075 0.017764 1.4159 0.91198 -1.3162 0.36712 0.10539 0.68436 -0.11804
-1.5654 0.099372 1.4976 -0.037071 -0.10615 1.5229 0.88845 -1.6015 0.34518 0.15796 0.81507 -0.5662
-1.6613 0.40392 1.4905 0.13744 -0.39584 1.6882 0.51421 -1.5766 0.14109 0.11891 1.0527 -0.93005
-1.7014 0.59838 1.5463 0.25964 -0.45905 1.5925 0.37581 -1.5529 0.054595 0.20351 0.9871 -1.0087
-1.7859 0.59046 1.7143 0.27562 -0.38047 1.4279 0.38822 -1.5766 0.29935 0.37065 0.63215 -0.96708
           
-1.0352 0.31181 -0.12516 -1.189 -0.80858 -1.308 0.26323 1.1864 1.4406 0.78772 -0.30373 0.48489
-0.84879 -0.039328 -0.47699 -1.5185 -0.3726 -1.3091 0.73307 1.0347 1.2991 0.27963 -0.18181 -0.26293
-0.81105 -0.30089 -0.7041 -1.4373 -0.19549 -1.0822 0.92734 1.0343 1.1384 -0.10174 -0.42241 -0.35917
-0.86128 -0.40824 -0.69285 -1.1382 -0.10124 -0.84123 0.97659 0.72496 1.0007 -0.74161 -0.74562 0.15066
-1.0003 -0.4341 -0.49768 -0.82177 -0.015106 -0.70319 0.9392 0.24109 0.95612 -1.5999 -0.54228 1.0691
-1.1465 -0.43718 -0.3823 -0.65512 0.14797 -0.67526 0.90358 -0.042818 0.7562 -2.2371 -0.01466 1.3576
-1.1712 -0.47675 -0.2399 -0.60858 0.30684 -0.67455 0.71789 -0.27006 0.19625 -2.5255 0.63698 1.2142
-1.3176 -0.38387 -0.04462 -0.53369 0.18868 -0.49797 0.17428 -0.34489 -0.30855 -1.9834 1.0549 1.1255
-1.4887 -0.33617 0.1407 -0.52369 0.17672 -0.57495 0.016034 -0.76261 -0.33843 -1.6182 1.142 1.1149
-1.5337 -0.3672 0.17253 -0.62441 0.21911 -0.58764 -0.047378 -1.1041 -0.26109 -1.3423 1.3655 0.94326
-1.5464 -0.36817 0.20714 -0.60635 0.28827 -0.68503 -0.096484 -1.2335 -0.17384 -1.2835 1.4939 0.87954
-1.6515 -0.32593 0.30946 -0.4278 0.25224 -0.75822 -0.10801 -1.0947 -0.12785 -1.373 1.3509 0.89445
-1.876 -0.24262 0.45723 -0.19047 0.086764 -0.75276 -0.1562 -0.84172 0.063702 -1.4327 0.91647 0.6781
-2.0694 -0.20608 0.60409 -0.015723 0.0077351 -0.66533 -0.1405 -0.67371 0.32687 -1.3088 0.58296 0.40998
-2.1817 -0.20189 0.68046 0.15068 0.061152 -0.48487 -0.12725 -0.63119 0.51259 -0.97281 0.63366 0.34856
-2.1494 -0.31384 0.73918 0.17963 0.21075 -0.33357 0.072247 -0.70274 0.77492 -0.77641 0.65285 0.32841
-2.0371 -0.50487 0.78511 0.17787 0.35701 -0.23946 0.29368 -0.79193 1.0126 -0.74309 0.6983 0.27431
-1.9848 -0.63134 0.78256 0.25757 0.43782 -0.2127 0.46828 -0.77544 1.1508 -0.85628 0.73107 0.15037
-2.0072 -0.64106 0.79026 0.34957 0.47852 -0.20315 0.58754 -0.68995 1.1778 -1.0231 0.72451 -0.028056
-2.0472 -0.53441 0.84057 0.42814 0.47263 -0.21936 0.53386 -0.56147 1.052 -1.1368 0.70119 -0.2335
-2.0598 -0.47712 0.88947 0.49387 0.51036 -0.19158 0.47808 -0.46787 0.99285 -1.113 0.6462 -0.42213
-2.0699 -0.51403 0.92872 0.55106 0.58811 -0.14478 0.53788 -0.40583 1.0501 -1.11 0.59702 -0.59365
-2.1199 -0.57651 0.93635 0.65379 0.66096 -0.05572 0.6775 -0.28765 1.1253 -1.1959 0.49479 -0.77448
           
0.1287 0.47046 0.72434 -0.81751 -1.4025 -2.9319 -1.4809 -0.66218 1.8757 1.161 0.55732 1.0533
0.23202 0.32397 0.40853 -1.105 -1.2496 -2.6328 -1.4897 -0.75543 2.0361 1.1817 0.34393 0.53695
0.23807 0.15677 -0.059529 -1.3642 -1.0166 -1.9963 -1.4294 -0.34694 1.8755 1.1496 -0.20142 -0.40551
0.40345 -0.23476 -0.45514 -1.7498 -0.38875 -1.7115 -0.81445 -0.28788 1.9746 0.80723 -0.8612 -0.98287
0.29207 -0.3595 -0.75174 -1.8797 -0.11761 -1.466 -0.46665 -0.46639 1.9941 0.20578 -1.222 -1.4224
0.14132 -0.45092 -0.98649 -1.8812 0.11258 -0.96488 -0.30256 -0.42211 1.5247 -0.45994 -1.4955 -1.575
-0.067012 -0.56294 -1.1706 -1.6548 0.25819 -0.46497 -0.33422 -0.32924 0.84276 -1.0276 -1.8504 -1.2755
-0.10382 -0.74766 -1.2803 -1.4379 0.40067 -0.19388 -0.22288 -0.34323 0.47756 -1.3536 -2.0118 -0.97376
-0.046228 -0.81146 -1.128 -1.1682 0.61436 -0.024036 -0.099139 -0.56916 0.20311 -1.3257 -1.8312 -0.052071
-0.16734 -0.67581 -0.88649 -0.95 0.88222 0.27477 -0.33682 -0.4227 -0.5172 -1.0255 -1.8196 0.417
-0.29935 -0.56718 -0.99329 -0.82628 1.0931 0.23289 -0.49953 -0.35529 -0.9583 -0.81499 -1.688 -0.036604
-0.36916 -0.58348 -0.56322 -0.81416 1.1042 0.24384 -0.93829 -0.73093 -0.71329 -0.37284 -1.3218 0.25271
-0.58859 -0.74565 -0.22011 -0.59168 0.89297 0.39201 -0.88018 -0.91192 -0.51041 -0.096759 -1.062 0.56123
-0.80338 -0.88642 0.097311 -0.17487 0.69464 0.13391 -0.48044 -0.81362 -0.31006 -0.18497 -0.54257 0.93977
-0.91664 -1.0744 0.26861 0.15097 0.6393 -0.052037 -0.23613 -0.62784 0.13392 -0.36924 -0.51947 1.083
-0.91851 -1.3221 0.35537 0.31102 0.74813 -0.15722 0.086589 -0.59304 0.75267 -0.44792 -0.63538 1.0255
-1.0513 -1.346 0.4967 0.43708 0.83936 -0.1727 0.065664 -0.48073 1.0142 -0.15447 -0.62751 0.88473
-1.3276 -1.2378 0.62677 0.61026 0.84217 0.027721 -0.12508 -0.11304 0.97793 0.20617 -0.64517 0.60725
-1.5944 -1.2233 0.68494 0.74422 0.89422 0.34631 -0.0069282 0.2595 0.97811 0.41797 -0.66739 0.23795
-1.7297 -1.2503 0.71185 0.81793 0.96401 0.64139 0.17807 0.52204 0.98415 0.56206 -0.63961 -0.11777
-1.7694 -1.2843 0.72689 0.82495 0.95204 0.84328 0.26057 0.5509 0.96474 0.66281 -0.69366 -0.38867
           
0.41302 -0.10325 0.51995 -1.5613 -1.2797 -0.63116 -1.5319 0.77786 1.4959 -0.78752 0.78023 -1.156
0.29179 -0.032268 0.28687 -1.429 -1.2473 -0.37383 -1.4031 0.94473 1.2948 -1.1146 0.38326 -1.2916
0.18626 -0.0024998 0.11902 -1.4399 -1.0881 -0.1748 -1.1682 1.0437 1.0131 -1.4293 0.025552 -1.4794
-0.073494 0.22118 -0.14183 -1.4119 -1.1045 0.14151 -1.0939 0.98437 0.56654 -1.5567 -0.26921 -1.6694
0.035935 0.055286 -0.17856 -1.7157 -0.67888 0.012519 -0.83586 0.73257 0.37421 -1.7221 -0.45529 -1.769
-0.091773 0.055635 -0.25227 -1.732 -0.60752 0.1567 -0.68471 0.48012 0.10111 -1.7599 -0.42865 -1.5466
-0.25404 0.079965 -0.30266 -1.6746 -0.53043 0.34818 -0.54969 0.1992 -0.2057 -1.8409 -0.28467 -1.0653
-0.39731 -0.037386 -0.3546 -1.5005 -0.4576 0.47736 -0.49087 0.19956 -0.40618 -2.0353 -0.25778 -0.64045
-0.49516 -0.17678 -0.4175 -1.35 -0.41202 0.63513 -0.63588 0.25788 -0.51009 -2.1037 -0.22841 -0.34186
-0.49474 -0.33584 -0.49619 -1.2514 -0.32311 0.71073 -0.79165 0.2224 -0.5383 -2.0988 -0.17236 -0.15113
-0.54141 -0.43327 -0.48988 -1.1364 -0.23993 0.70695 -0.9482 0.17365 -0.567 -1.9843 0.010551 -0.0030729
-0.6174 -0.37304 -0.29041 -0.9542 -0.14655 0.71985 -1.2675 0.094961 -0.65634 -1.6431 0.47429 0.44659
-0.74365 -0.2739 -0.031415 -0.6808 -0.18834 0.98874 -1.5948 0.16929 -0.76849 -1.4553 0.8377 0.80959
-1.0201 -0.1558 0.033113 -0.41358 -0.38456 1.4541 -1.7775 0.33845 -0.89718 -1.3479 0.84775 0.73621
-1.0199 -0.29733 0.22548 -0.58107 -0.11499 1.3566 -1.443 0.11115 -0.82296 -1.3582 0.83865 0.42282
-1.2196 -0.26914 0.31491 -0.49051 -0.056965 1.1679 -1.1855 -0.2148 -0.7539 -1.2102 0.72522 0.26143
-1.3437 -0.31027 0.37577 -0.39395 0.043097 0.98223 -1.2369 -0.41583 -0.61552 -1.0138 0.67677 0.069917
-1.3932 -0.38031 0.38652 -0.36265 0.19348 0.90268 -1.4482 -0.45353 -0.56983 -0.86866 0.72409 -0.17234
-1.5047 -0.40823 0.4564 -0.27939 0.2242 0.90873 -1.6745 -0.40855 -0.52759 -0.81481 0.70605 -0.2505
-1.6167 -0.3993 0.54314 -0.16915 0.12785 0.93531 -1.8349 -0.36149 -0.48536 -0.77618 0.68988 -0.29469
-1.6573 -0.37011 0.62592 -0.081094 0.039563 0.92559 -1.9299 -0.26757 -0.45114 -0.80487 0.63108 -0.35943
-1.618 -0.43928 0.78522 -0.082747 0.060871 0.79071 -1.922 -0.16268 -0.36678 -0.78578 0.60797 -0.50316
-1.6987 -0.43329 0.94249 0.09932 -0.011009 0.63948 -1.8897 -0.030506 -0.24376 -0.68936 0.50016 -0.55541
-1.8793 -0.40773 0.99269 0.39085 -0.11624 0.52236 -1.713 0.033761 0.012618 -0.57615 0.25422 -0.55498
           
-0.21444 0.79425 0.80613 -1.3461 -1.6208 -2.3397 0.64549 -1.0978 2.5507 0.084071 2.0414 0.49387
-0.30365 0.64303 0.52269 -1.2169 -1.4469 -2.2208 0.76543 -0.84024 2.5745 -0.48349 1.7207 0.20385
-0.38325 0.57928 0.36942 -1.2431 -1.2998 -1.9274 0.8372 -0.74288 2.4069 -0.91513 1.4153 -0.041156
-0.47732 0.56579 0.19014 -1.3145 -1.1269 -1.3769 0.79506 -0.70487 1.8467 -1.2855 0.97607 -0.21235
-0.50546 0.50783 0.091584 -1.4045 -0.84552 -0.83207 0.77654 -0.6841 1.2228 -1.6046 0.41004 -0.043135
-0.49833 0.24431 0.027324 -1.4873 -0.55959 -0.7154 0.86954 -0.84337 1.0315 -1.9095 0.04171 0.21044
-0.52762 -0.054377 -0.09355 -1.412 -0.31327 -0.70425 0.83891 -1.064 0.95245 -2.059 0.11662 0.63314
-0.61479 -0.2153 -0.11632 -1.1367 -0.13877 -0.63384 0.52579 -1.1519 0.73332 -1.9811 0.27663 1.4209
-0.75127 -0.35375 -0.15354 -0.78423 -0.093926 -0.5533 0.22829 -1.1078 0.65151 -1.8828 0.31188 1.9926
-0.77494 -0.46736 -0.11209 -0.5366 -0.0012908 -0.64932 0.070784 -1.2618 0.80465 -1.6293 0.51644 2.338
-0.85928 -0.42152 0.053727 -0.26845 0.13161 -0.81482 0.091254 -1.5698 1.0323 -1.3408 1.0072 2.5706
-0.888 -0.52993 0.16613 -0.18248 0.2759 -0.71897 0.22789 -1.6846 1.103 -1.2804 1.0451 2.1517
-1.0688 -0.59382 0.25119 -0.085575 0.19726 -0.39115 0.29393 -1.7234 0.89676 -1.3211 0.88999 1.5473
-1.1704 -0.57673 0.39941 0.13423 0.1374 -0.53928 0.19128 -1.7522 0.91142 -1.3559 0.693 1.5473
-1.2095 -0.59143 0.56708 0.22801 0.085185 -0.73296 0.010949 -1.7926 0.97976 -1.2318 0.35085 1.5294
-1.2824 -0.56627 0.67524 0.26873 0.046449 -0.88274 -0.10241 -1.981 1.1318 -1.0862 0.22748 1.3381
-1.2437 -0.66371 0.71208 0.32154 0.10275 -1.1142 -0.072262 -2.226 1.425 -1.0136 0.29207 1.1519
-1.3313 -0.64677 0.77861 0.35752 0.054833 -0.95289 -0.31229 -2.1318 1.3342 -0.6421 0.24005 1.0312
-1.4807 -0.56225 0.89663 0.38817 -0.009088 -0.72711 -0.48104 -2.0442 1.2627 -0.22687 0.11321 1.0112
           
0.11624 -0.37036 0.42843 -1.118 -1.7574 -1.1615 -1.1914 -0.063934 2.6684 0.73339 0.2795 0.53952
-0.00098335 -0.48809 0.064396 -1.1705 -1.5316 -0.82139 -0.91875 0.043684 2.6009 0.38805 -0.27985 0.18309
-0.025452 -0.73541 -0.18744 -1.3426 -1.0783 -0.63671 -0.51322 0.051531 2.585 0.019091 -0.92247 -0.032571
-0.13882 -0.85215 -0.43281 -1.3156 -0.90474 -0.38968 -0.19411 -0.0037755 2.5296 -0.35006 -1.2934 -0.20889
-0.25444 -0.86479 -0.66262 -1.1997 -0.84741 -0.099709 -0.0068502 -0.13956 2.3076 -0.73652 -1.3902 -0.24654
-0.40056 -0.87485 -0.75997 -1.0446 -0.72747 0.092382 0.04768 -0.28888 1.9952 -1.108 -1.2977 0.093314
-0.54752 -0.84339 -0.80255 -0.88272 -0.61704 0.27558 0.064184 -0.33706 1.6191 -1.4459 -1.0347 0.47529
-0.74944 -0.79379 -0.80108 -0.68789 -0.78547 0.56666 -0.14972 -0.31674 1.1203 -1.4963 -0.7435 0.83363
-0.88472 -0.76929 -0.74578 -0.61757 -0.96641 0.94602 -0.41291 -0.31129 0.71974 -1.2244 -0.39457 0.98357
-1.0365 -0.73918 -0.52237 -0.65525 -1.0769 1.3451 -0.63168 -0.41496 0.33565 -0.79633 0.018868 1.1964
-1.2847 -0.64012 -0.32185 -0.61089 -1.2156 1.6356 -0.77332 -0.57208 -0.015357 -0.46919 0.45737 1.5228
-1.4719 -0.62088 -0.17598 -0.43319 -1.2426 1.6442 -0.79278 -0.61969 -0.18165 -0.42095 0.69758 1.7685
-1.5466 -0.69223 -0.11202 -0.19591 -1.1941 1.5628 -0.71127 -0.61179 -0.13216 -0.53775 0.74097 1.7588
-1.6686 -0.70735 -0.059805 0.13978 -1.1566 1.5837 -0.59122 -0.58271 -0.092732 -0.80622 0.56496 1.5299
-1.795 -0.64894 0.079072 0.16639 -1.0108 1.5845 -0.31919 -0.88994 -0.079082 -0.91156 0.36882 1.2272
-1.7675 -0.61858 0.13516 0.082092 -0.96935 1.5007 -0.31071 -1.1684 -0.010118 -0.83104 0.4541 0.91487
-1.8091 -0.59962 0.19173 0.014466 -0.91515 1.36 -0.34757 -1.4431 0.10856 -0.73406 0.50403 0.72433
-1.896 -0.53357 0.24602 -0.012939 -0.9461 1.3316 -0.36859 -1.6356 0.19912 -0.61898 0.44116 0.54653
-1.8122 -0.63791 0.37609 -0.14929 -0.78023 1.0697 -0.10937 -1.9502 0.44825 -0.49386 0.38663 0.42862
-1.8622 -0.60624 0.44969 -0.15457 -0.75547 0.90466 -0.0178 -2.168 0.65169 -0.42136 0.46721 0.24241
-1.9168 -0.56402 0.57915 -0.15794 -0.7211 0.83827 -0.067775 -2.2306 0.77631 -0.18768 0.40657 0.19282
-1.9917 -0.48034 0.75297 -0.14927 -0.70416 0.82724 -0.1285 -2.2188 0.87589 0.10525 0.3584 0.17047
-2.0823 -0.42408 0.87545 -0.15221 -0.69016 0.94195 -0.094849 -2.225 0.98614 0.35907 0.36748 0.080781
           
0.75454 -0.65695 0.69741 -2.2073 -0.68633 -1.4708 -1.5561 0.90258 1.4811 0.75989 1.7443 -1.2511
0.45592 -0.78172 0.47118 -2.0245 -0.6969 -1.1749 -1.2133 1.1036 1.4782 0.86993 0.97595 -1.1562
0.1532 -0.91564 0.13728 -1.9714 -0.60978 -0.73113 -0.75788 1.275 1.3799 0.86234 0.31923 -1.2539
-0.047212 -1.0513 -0.064128 -1.9231 -0.47249 -0.24601 -0.3149 1.3565 1.2958 0.69727 -0.45624 -1.2338
-0.22298 -1.0998 -0.19927 -1.8196 -0.32436 0.051464 -0.024766 1.3032 1.1968 0.5144 -1.0667 -1.0179
-0.45291 -1.0587 -0.3409 -1.5935 -0.25122 0.29343 0.14802 1.1494 0.98897 0.28092 -1.4135 -0.50404
-0.5647 -1.1484 -0.45504 -1.4168 -0.095213 0.41362 0.22146 0.93031 0.78089 -0.05565 -1.4621 0.13647
-0.52484 -1.2548 -0.53836 -1.3988 0.088962 0.42297 0.1684 0.63968 0.54804 -0.20029 -1.3991 0.55259
-0.63801 -1.2055 -0.50241 -1.3262 0.075792 0.40223 -0.05217 0.20125 0.2548 0.013693 -1.1472 1.1565
-0.62666 -1.2645 -0.39047 -1.2638 0.19846 0.2815 -0.18144 -0.26309 0.18137 0.25573 -0.52402 1.8666
-0.73293 -1.3673 -0.3737 -0.98867 0.2286 0.1239 -0.059833 -0.67782 0.25846 0.26164 -0.028718 2.3966
-1.0069 -1.3623 -0.34891 -0.59873 0.14153 0.0014649 0.081491 -1.0111 0.33276 0.27275 0.21321 2.6881
-1.2327 -1.265 -0.18296 -0.37235 0.0602 0.074599 -0.023427 -1.1589 0.28708 0.45299 0.18953 2.7234
-1.2834 -1.2349 0.018221 -0.41766 -0.030781 0.36762 0.1281 -1.3433 0.32978 0.59571 0.27744 2.2185
-1.3234 -1.22 0.21943 -0.45973 -0.091171 0.52815 0.41789 -1.5143 0.3607 0.62968 0.37694 1.5557
-1.4306 -1.192 0.39512 -0.34886 -0.078381 0.46716 0.22294 -1.5694 0.38808 0.75108 0.19266 1.1674
-1.5089 -1.163 0.56026 -0.33143 -0.15843 0.49381 0.05758 -1.6595 0.33684 0.9744 -0.071919 0.81443
-1.5799 -1.0902 0.74455 -0.33137 -0.2928 0.54155 -0.070322 -1.7702 0.30737 1.1672 -0.2134 0.62873
-1.5191 -1.1115 0.84224 -0.42872 -0.30117 0.60806 -0.050609 -1.9563 0.37252 1.4504 -0.28127 0.51612
-1.4832 -1.1319 0.9099 -0.46309 -0.29602 0.66791 -0.064201 -2.0211 0.4469 1.6738 -0.31743 0.35988
-1.4981 -1.0769 1.0163 -0.44823 -0.26147 0.72374 -0.045112 -1.9505 0.48818 1.8724 -0.44966 0.26642
-1.6025 -0.94852 1.1167 -0.35558 -0.31062 0.78394 -0.039224 -1.8922 0.5739 1.9112 -0.55824 0.20482
-1.5598 -0.93637 1.1978 -0.37388 -0.23639 0.78533 0.073922 -1.8459 0.68421 1.8741 -0.72621 0.10768
           
-0.4181 -0.082146 0.97478 -1.7922 -1.8607 -0.36415 -1.2797 0.89207 1.3936 -0.0062509 1.7459 -0.96294
-0.48107 -0.17318 0.55529 -1.7381 -1.63 -0.20204 -0.87346 1.0329 1.175 -0.43097 1.1807 -1.1708
-0.50539 -0.31267 0.15432 -1.6464 -1.3281 -0.1221 -0.50444 1.1649 0.98419 -0.85124 0.67428 -1.2836
-0.33965 -0.47225 -0.16193 -1.7566 -0.7721 -0.27673 -0.079822 1.0222 0.78324 -1.0346 0.48497 -1.1732
-0.24313 -0.55491 -0.30447 -1.8237 -0.40803 0.006887 0.19399 0.65878 0.43586 -1.1253 0.49159 -0.65986
-0.36408 -0.45702 -0.32774 -1.6416 -0.24656 0.23419 0.079099 0.25762 -0.007089 -1.2781 0.41661 0.017299
-0.58729 -0.2427 -0.32066 -1.3511 -0.047246 0.12191 0.022925 -0.22828 -0.26406 -1.3933 0.29219 0.66509
-0.69865 -0.084715 -0.27375 -1.2064 0.17794 -0.093057 0.10188 -0.95245 -0.15497 -1.5811 0.47798 0.87572
-0.70953 0.12972 -0.14064 -1.1931 0.29144 -0.31895 -0.14647 -1.7663 0.0081198 -1.3749 1.1015 0.90423
-0.78951 0.21999 -0.16499 -1.2403 0.29947 -0.22877 -0.54275 -2.2595 -0.052162 -0.87875 1.2013 0.69192
-0.85339 -0.022362 -0.16345 -1.1593 0.32961 -0.24969 -0.69157 -2.4275 0.070356 -0.6399 1.1442 0.65113
-0.98236 -0.22123 -0.15194 -1.0437 0.036371 -0.011818 -0.83551 -2.4809 0.27514 -0.40997 1.2766 0.38433
-1.0854 -0.29291 -0.062409 -0.95489 -0.17678 0.18223 -0.99663 -2.4151 0.42317 -0.12724 1.2693 0.030107
-1.1054 -0.28851 0.25564 -0.7588 -0.12924 0.0024482 -1.0888 -2.2664 0.6231 0.14095 1.1535 0.031459
-1.2348 -0.26404 0.51819 -0.53634 -0.0048646 -0.0059955 -0.9334 -2.1318 0.8501 0.2582 0.90945 -0.0023023
-1.3471 -0.33994 0.59462 -0.33067 0.091861 0.14394 -0.58185 -2.0595 1.1625 0.21318 0.56286 -0.14507
-1.449 -0.40229 0.60491 -0.13587 0.043441 0.30654 -0.40595 -1.9654 1.3539 -0.050894 0.38301 -0.47301
           
-0.58033 0.052742 0.81034 -0.98871 -2.6341 -0.14491 -0.99169 1.3073 1.571 0.53848 2.7227 -0.26179
-0.47301 -0.20196 0.5691 -0.67684 -2.7523 0.054943 -0.74501 1.4949 1.7225 0.58388 2.5142 -0.0095213
-0.54511 -0.095847 0.16794 -0.55387 -2.5343 0.11018 -0.77746 1.4364 1.6012 0.49967 2.276 0.15386
-0.30427 -0.32073 0.24267 -0.92733 -2.0878 0.14922 -0.66813 1.1486 1.6624 0.36428 2.0433 0.077952
-0.20708 -0.50727 0.020266 -0.99872 -1.8532 0.066576 -0.55129 1.07 1.6487 0.1744 1.8272 -0.0057382
-0.45058 -0.61175 -0.53984 -0.66933 -1.825 0.095437 -0.3793 1.1484 1.5585 -0.088228 1.5128 0.027997
-0.70431 -0.69947 -0.92081 -0.45131 -1.7173 0.2249 -0.14121 1.2102 1.5002 -0.57172 1.2094 0.026929
0.032974 -0.86289 -1.017 -0.65522 -1.428 0.56994 -0.27132 1.2905 1.1806 -0.64177 1.0226 0.037291
0.68298 -1.36 -1.0976 -0.94199 -1.092 0.85299 0.03623 0.9958 1.2187 -0.63121 0.83078 -0.037723
0.24937 -1.0599 -1.7036 -0.50168 -1.5072 1.3903 -0.43828 0.98222 0.6511 -0.35843 0.50648 0.23628
0.43155 -1.2798 -1.5369 -0.71162 -1.0608 1.0851 -0.46704 0.55106 0.7393 -0.45778 0.83877 0.62663
0.51949 -1.2897 -1.2614 -0.7862 -0.76181 0.88103 -0.68741 0.20624 0.6347 -0.29596 1.4839 1.156
0.30593 -1.0787 -1.0826 -0.38517 -1.0185 1.0052 -1.0491 -0.028056 0.37427 0.090735 1.8048 1.8373
0.06936 -1.2359 -0.81031 -0.39802 -0.9808 1.0846 -1.0524 -0.27047 0.41407 0.16023 1.9173 1.8369
-0.37154 -1.1675 -0.91318 -0.34156 -1.0066 1.008 -1.0383 -0.71271 0.35822 0.24082 1.7562 1.6627
-0.75087 -1.1639 -0.96829 -0.22557 -0.95313 0.64686 -0.76019 -1.2809 0.71055 0.080138 1.5929 1.5003
-0.95863 -1.234 -0.87523 -0.12275 -1.1736 1.0022 -1.0784 -1.2606 0.53786 0.47048 1.6591 1.1527
-1.094 -1.1662 -0.55915 -0.12072 -1.1454 1.0965 -1.1284 -1.3982 0.56433 0.67052 1.6187 0.96238
-1.3056 -1.0276 -0.27772 -0.054837 -1.1258 1.148 -0.86228 -1.6648 0.67498 0.65319 1.3679 0.62
-1.4988 -0.88496 -0.20986 0.0092189 -1.3677 1.4967 -0.87011 -1.8293 0.59524 0.71476 1.1195 0.049596
-1.6205 -0.76802 -0.09243 -0.080405 -1.5334 1.6312 -0.86813 -2.1242 0.51499 0.74518 1.0631 -0.51043
-1.5862 -0.89252 0.26596 -0.42824 -1.1561 1.3331 -0.65987 -2.4168 0.63198 0.87411 0.82251 -0.58077
-1.6386 -0.88255 0.3796 -0.41952 -1.1502 1.2026 -0.70414 -2.5447 0.74016 0.91431 0.5684 -0.57543
           
-0.10659 0.78706 1.1613 -1.4907 -1.2624 -1.9144 -0.72332 0.14487 1.8375 1.0204 1.1364 0.97255
-0.16222 0.65145 0.91444 -1.5066 -1.0542 -1.5567 -0.3399 0.12102 1.8747 0.6427 0.5531 0.80575
-0.2714 0.54663 0.46864 -1.3547 -0.9274 -1.1555 -0.05483 0.21481 1.8931 0.10756 -0.026335 0.44949
-0.048393 0.22777 0.11871 -1.4049 -0.49536 -1.1387 0.33044 0.081523 1.9455 -0.47825 -0.57162 0.16738
0.14413 -0.091447 -0.26573 -1.5383 -0.082612 -1.0524 0.57236 -0.22566 1.907 -1.1483 -0.87117 -0.16137
0.31721 -0.46121 -0.63372 -1.3983 0.18552 -1.0971 0.74158 -0.62802 1.8316 -1.8719 -0.92428 -0.029454
0.28484 -0.57119 -0.63996 -1.1132 0.28189 -0.7934 0.50002 -0.68761 1.2302 -2.1455 -0.98804 0.75396
0.26829 -0.63906 -0.54285 -1.0001 0.37838 -0.58231 0.33255 -0.92701 0.87683 -2.115 -0.93366 1.3405
0.26062 -0.73375 -0.49957 -1.0108 0.54291 -0.5052 0.30989 -1.3272 0.73146 -1.9535 -0.64404 1.5637
0.13636 -0.79271 -0.51326 -0.8782 0.50629 -0.49197 0.13507 -1.6326 0.66195 -1.925 0.071568 1.4096
-0.12953 -0.80195 -0.36469 -0.55674 0.57097 -0.79014 0.17244 -1.9378 0.76182 -2.0336 0.79858 1.5537
-0.3905 -0.79374 -0.20025 -0.24584 0.58315 -0.89879 0.22772 -1.9832 0.98542 -2.0103 0.82388 1.4271
-0.7692 -0.77405 -0.016509 0.058768 0.31335 -0.36856 0.30309 -1.7824 1.0287 -1.7607 0.75591 0.86588
-0.91854 -0.87628 0.14759 0.13408 0.091756 0.14726 0.063779 -1.5195 0.84936 -1.1776 0.49538 0.44103
-0.98999 -0.98064 0.27813 0.13082 0.090434 0.19277 0.14433 -1.6224 0.88597 -1.0228 0.31851 0.25696
-1.0865 -0.94452 0.35369 0.12412 0.055298 0.18961 0.32301 -1.7546 0.94294 -1.0549 0.37279 0.011057
-1.0448 -0.8798 0.41342 0.10502 -0.1626 0.46644 0.11315 -1.6132 0.71126 -0.76914 0.38126 -0.26368
-1.156 -0.74709 0.47244 0.34178 -0.61056 0.7831 -0.23759 -1.4168 0.58573 -0.50287 0.38333 -0.52981
-1.3372 -0.64367 0.69382 0.47822 -0.76367 0.76803 -0.2028 -1.4535 0.72627 -0.27436 0.38468 -0.50801
           
0.59199 -0.42612 0.78116 -1.944 -1.2393 -1.5226 -1.199 0.79845 1.9325 1.0612 1.6116 -0.73856
0.72746 -0.67829 0.40498 -2.122 -0.87914 -1.4326 -1.0548 0.79112 1.9432 0.94551 1.2308 -0.93185
0.50677 -0.65808 -0.086402 -1.8224 -0.96496 -1.0984 -0.92587 0.87193 1.865 0.83039 0.71472 -1.1764
0.9643 -1.1097 -0.29398 -2.2753 -0.32311 -0.90125 -0.66674 0.75076 1.6989 0.43947 0.21472 -1.2399
0.98037 -1.1384 -0.5564 -2.2331 -0.13088 -0.60552 -0.53316 0.59342 1.3763 0.23073 -0.51274 -1.161
0.95913 -1.0738 -0.6762 -2.1616 -0.0044252 -0.34049 -0.52379 0.37654 1.0893 0.049721 -1.0133 -0.98084
0.90788 -1.0147 -0.83922 -1.9997 0.16798 -0.34403 -0.32602 0.060541 0.78044 -0.14743 -1.0408 -0.45418
0.83236 -1.1377 -0.82591 -1.8315 0.33987 -0.20548 -0.12253 -0.31665 0.43324 -0.23221 -1.0801 0.33681
0.64194 -1.3524 -0.8384 -1.5273 0.37756 -0.04144 0.00099482 -0.64229 0.23203 -0.30443 -1.1379 1.0433
0.22696 -1.2834 -0.88365 -1.086 0.19651 0.032863 0.017563 -1.0415 0.14839 -0.32521 -0.47277 1.5722
0.15213 -1.4231 -0.48165 -1.013 0.27935 0.040688 -0.028785 -1.1641 -0.035532 -0.14654 -0.021761 2.2575
-0.10798 -1.2559 -0.19316 -0.56262 0.042014 0.13616 -0.020243 -1.2451 -0.055144 -0.24221 0.26541 2.3329
-0.31398 -1.1991 -0.036772 -0.35211 0.028856 0.33812 0.24933 -1.3531 -0.002577 -0.25905 0.22062 1.6474
-0.47012 -1.2745 0.074389 -0.50581 0.15227 0.58562 0.33297 -1.5563 -0.035219 -0.0069351 -0.022766 0.87629
-0.62226 -1.2435 0.18764 -0.56531 0.058081 0.70531 0.22215 -1.7891 0.027329 0.27653 -0.16408 0.52605
-0.75902 -1.16 0.41468 -0.50653 -0.046131 0.61291 0.27556 -2.0571 0.20864 0.51621 -0.19279 0.4924
-0.79652 -0.9787 0.73311 -0.63714 -0.09881 0.72619 0.19833 -2.172 0.17054 0.98678 -0.061911 0.32569
           
0.27143 0.47384 1.7405 -1.3301 -1.9333 -1.6822 -2.0894 -0.0020279 2.0882 0.97543 1.14 0.76498
0.14711 0.47082 1.5974 -1.3026 -1.8469 -1.6268 -1.9821 0.11834 2.0209 0.95046 0.61127 0.72203
0.1431 0.38354 1.4013 -1.4247 -1.6872 -1.4175 -1.7559 0.095659 1.9454 0.94418 0.31746 0.55771
0.090853 0.3963 1.2302 -1.4967 -1.4794 -1.221 -1.5299 0.10944 1.7663 0.94484 -0.074244 0.46598
-0.1831 0.45534 0.91592 -1.3137 -1.2815 -0.85801 -1.1782 0.31876 1.4825 0.76892 -0.77716 0.53401
-0.54541 0.49373 0.52635 -0.99356 -1.196 -0.43527 -0.90429 0.53594 1.0874 0.32991 -1.6557 0.67055
-0.63275 0.43944 0.28415 -0.85883 -1.0302 -0.30967 -0.56995 0.45333 0.89861 -0.010829 -2.0654 0.75998
-0.49272 0.21485 0.32064 -0.77972 -0.59738 -0.62016 -0.16044 0.034658 0.96518 -0.45686 -2.0947 1.2691
-0.43 0.059619 0.37655 -0.62851 -0.25501 -0.82759 0.10191 -0.42128 0.99769 -0.96104 -1.6205 1.9118
-0.55469 -0.064562 0.3227 -0.48981 -0.25038 -0.95069 0.367 -0.86351 1.0909 -1.5341 -0.87737 1.9941
-0.6831 -0.15415 0.32957 -0.40862 -0.22728 -0.97944 0.41127 -1.3565 1.0179 -1.6231 0.095942 2.1887
-0.84805 -0.23967 0.31479 -0.27691 -0.22107 -0.79498 0.24059 -1.5513 0.762 -1.4974 0.71716 2.3453
-1.1091 -0.3369 0.32131 -0.010753 -0.29546 -0.66293 -0.063057 -1.6234 0.75248 -1.2114 1.1178 2.1768
-1.3282 -0.3128 0.35819 0.21232 -0.29816 -0.46132 -0.12872 -1.7679 0.89844 -0.87301 1.4058 1.7938
-1.4907 -0.41747 0.39012 0.33215 -0.2842 -0.091944 0.036296 -1.7378 0.92168 -0.99855 1.1789 0.96045
-1.6061 -0.36829 0.62817 0.3707 -0.36793 0.18013 -0.19989 -1.6918 0.55555 -0.48336 0.80825 0.77914
-1.5968 -0.41362 0.76627 0.39351 -0.35269 0.09565 -0.11414 -1.8452 0.58961 -0.32053 0.64361 0.67887
-1.532 -0.48373 0.82254 0.39152 -0.38139 0.028355 0.010477 -2.0452 0.76663 -0.24649 0.56926 0.49977
           
-0.6188 0.32179 0.047132 -0.43683 -2.3875 -1.2199 -0.93894 0.4569 1.7505 1.2329 -0.15029 0.404
-0.39813 -0.018768 -0.13334 -0.85105 -1.8852 -1.1835 -0.68586 0.35791 1.8758 1.4023 -0.24374 0.15023
-0.21981 -0.38349 -0.39988 -1.0794 -1.5344 -0.92584 -0.52455 0.41955 1.8622 1.6521 -0.55446 -0.11477
-0.087271 -0.70608 -0.64107 -1.1901 -1.1366 -0.61081 -0.11501 0.39475 1.7047 1.448 -0.89991 -0.15016
-0.18508 -0.79859 -0.96801 -1.1535 -0.91582 -0.12596 0.26192 0.16403 1.3697 0.99469 -1.3247 -0.029521
-0.25044 -1.0007 -1.1851 -1.0962 -0.74679 0.14979 0.50085 -0.17537 1.1577 0.56215 -1.8429 0.077114
-0.23871 -1.1989 -1.2078 -1.066 -0.47449 0.13945 0.8008 -0.6873 1.0109 0.27356 -1.9735 0.51947
-0.39675 -1.2252 -1.1093 -0.83749 -0.38509 0.11302 1.0021 -1.1795 0.89289 0.083718 -1.5836 1.3451
-0.67613 -1.2025 -1.0005 -0.39317 -0.48028 0.047503 1.0942 -1.5325 0.87785 -0.24721 -1.1711 2.0171
-0.82245 -1.2746 -0.80707 -0.1675 -0.50626 0.046953 1.1492 -1.8415 0.91656 -0.38079 -0.93972 2.2281
-1.1514 -1.0597 -0.57965 0.13809 -0.72879 0.4588 0.87915 -1.8073 0.53548 -0.13757 -0.69116 1.9558
-1.1257 -1.2356 -0.15359 -0.055614 -0.45257 0.67339 0.91343 -2.0442 0.39353 0.38762 -0.71214 1.7465
-1.1635 -1.3408 -0.027264 -0.14088 -0.35324 0.63316 0.94906 -2.4131 0.50733 0.63001 -0.65748 1.65
-1.2555 -1.3487 0.11332 -0.046442 -0.46639 0.51423 0.91072 -2.5991 0.54761 0.82708 -0.44292 1.6508
-1.2707 -1.3873 0.23091 0.037872 -0.58438 0.60973 0.79232 -2.4521 0.45193 1.0855 -0.38173 1.5062
-1.3259 -1.4368 0.24972 0.10308 -0.66031 0.79065 0.80482 -2.2722 0.46792 1.2118 -0.38053 1.2182
-1.393 -1.4426 0.26644 0.17687 -0.68463 0.74157 1.04 -2.3928 0.78385 1.2282 -0.39054 0.91531
-1.3284 -1.5464 0.37288 0.11631 -0.60176 0.73607 1.2254 -2.5266 1.0272 1.5215 -0.6016 0.64062
-1.4956 -1.422 0.51669 0.15007 -0.69128 0.91334 1.0204 -2.5142 1.0315 1.8887 -0.69716 0.41075
           
1.1178 0.74142 1.7827 -2.0571 -0.99067 -2.3364 -2.4346 -0.10081 1.4772 0.70479 1.4201 0.29159
1.1215 0.55057 1.3846 -2.2969 -0.75672 -1.8201 -2.3055 0.096242 1.6819 0.62278 0.95137 -0.50007
1.0548 0.31972 0.91993 -2.453 -0.51419 -1.3642 -1.9992 0.22929 1.7593 0.46923 0.26383 -1.1685
0.99129 0.033177 0.52678 -2.5223 -0.19028 -1.1491 -1.6047 0.32473 1.6317 0.024658 -0.42464 -1.563
0.62391 0.0013472 0.1417 -2.3193 -0.17195 -0.59432 -1.2168 0.24769 1.2031 -0.52676 -0.82864 -1.7468
0.46734 -0.21035 -0.086475 -2.2494 0.24161 -0.092102 -0.92104 0.29834 0.42331 -1.3904 -1.4103 -1.6441
0.027177 -0.29726 -0.23782 -1.7686 0.43304 0.098809 -0.78748 0.28229 0.024641 -1.9857 -1.9962 -1.1406
-0.29268 -0.27819 -0.15285 -1.2392 0.64149 0.037643 -0.58527 0.23303 -0.18434 -2.3612 -2.1395 -0.56976
-0.52114 -0.25703 0.044924 -0.75245 0.87854 -0.21085 -0.63004 -0.13059 -0.19263 -2.3108 -1.6692 0.080459
-0.8077 -0.31837 0.1584 -0.499 0.88485 -0.29949 -0.51543 -0.46152 -0.0067803 -2.1772 -1.3253 0.049753
-1.0347 -0.27702 0.39814 -0.20826 0.75371 -0.29015 -0.68602 -0.60262 0.26046 -1.7373 -0.96911 0.023459
-1.3741 -0.37131 0.63688 0.19655 0.59784 0.11857 -0.60622 -0.32313 0.64323 -1.229 -0.78353 0.024255
-1.6779 -0.53876 0.95663 0.2382 0.69588 0.5483 0.3216 -0.30728 1.245 -0.67502 -0.7627 -0.29441
-1.8418 -0.461 1.1483 0.25524 0.71052 0.58002 0.50467 -0.55639 1.4186 -0.46894 -0.74483 -0.60756
-1.8716 -0.49954 1.1828 0.32601 0.77613 0.55757 0.70407 -0.6353 1.5338 -0.45909 -0.67126 -0.75606
           
-0.10672 0.81822 0.64336 -0.78118 -3.3681 0.10374 -3.2934 0.28191 1.7271 1.235 0.64445 -0.1504
0.061785 0.5915 0.53233 -1.0843 -2.8061 -0.069334 -2.9424 0.20993 1.9411 0.89626 0.35796 -0.61747
0.2239 0.36596 0.45612 -1.393 -2.5464 0.31267 -2.8121 0.10097 2.0937 0.8178 0.040743 -1.0915
0.34463 0.17205 0.28181 -1.5687 -2.3167 0.65728 -2.6096 -0.00088854 2.0818 0.57754 -0.2789 -1.4982
0.58095 -0.049811 0.3465 -1.7529 -1.78 0.53297 -2.2788 -0.074092 2.022 -0.093126 -0.45806 -1.782
0.73673 -0.099496 0.49617 -1.9474 -1.1247 0.4093 -2.0571 -0.11815 1.5951 -0.79407 -0.52185 -1.8569
0.71101 -0.00090031 0.4732 -2.0661 -0.63274 0.57025 -1.8227 -0.15147 0.86806 -1.3224 -0.79593 -1.8633
0.62101 -0.03582 0.13776 -2.2478 -0.32352 0.82107 -1.3496 -0.26695 0.33694 -1.6812 -1.3701 -2.1481
0.5137 -0.14837 -0.20996 -2.1283 -0.072847 0.87445 -1.0593 -0.33129 0.043809 -2.0611 -1.861 -2.0216
0.3293 -0.24837 -0.37679 -1.9404 0.11857 0.82686 -0.97465 -0.27965 -0.13891 -2.3013 -2.1618 -1.7286
0.19781 -0.4475 -0.4202 -1.899 0.35995 0.75806 -0.82532 -0.20495 -0.31545 -2.407 -2.1785 -1.4656
0.24729 -0.63311 -0.42416 -1.8701 0.49078 0.8029 -0.79898 -0.21287 -0.39088 -2.3678 -1.8819 -1.2227
0.35481 -0.6936 -0.32047 -1.8267 0.49368 0.97744 -0.8816 -0.45329 -0.47643 -2.0623 -1.2025 -0.72003
-0.09063 -0.23217 -0.32991 -1.3 0.33735 0.87102 -0.91021 -0.72971 -0.71765 -1.6903 -0.77623 0.16456
-0.28535 -0.039765 -0.32054 -1.0383 0.41562 0.75637 -0.93479 -0.68843 -0.81024 -1.6762 -0.61551 0.45754
-0.038118 -0.17787 -0.033329 -1.2442 0.57495 1.0442 -1.0818 -0.5297 -0.88839 -1.5309 -0.48035 0.33367
-0.10548 -0.12078 -0.02425 -1.1037 0.5748 1.1931 -1.0265 -0.51078 -0.8555 -1.4014 -0.59484 0.30499
-0.16168 -0.093384 -0.032329 -1.0014 0.688 1.2227 -0.91848 -0.5527 -0.7085 -1.3016 -0.76063 0.27316
0.12468 -0.37049 0.13545 -1.2613 1.0637 1.132 -0.90383 -0.59258 -0.46272 -1.1694 -0.7726 0.083858
-0.022816 -0.20738 0.15075 -1.0129 1.0899 1.0238 -0.92462 -0.75344 -0.30043 -0.95085 -0.97996 0.31479
0.09418 -0.19679 0.22455 -1.0234 1.2313 0.92544 -0.79642 -1.0385 -0.18261 -0.69928 -1.0807 0.47596
0.14533 -0.27376 0.21538 -1.1981 1.3356 0.92417 -0.61021 -1.3396 -0.086788 -0.37158 -0.9904 0.39475
           
-1.1794 0.49552 1.4338 -1.0821 -2.2945 -1.5942 -1.7368 0.89356 1.4858 0.62065 2.4743 0.17679
-1.2845 0.37133 1.207 -1.2512 -1.9442 -1.4809 -1.3334 1.1868 1.2933 0.46468 2.0479 -0.35204
-1.353 0.25581 0.84691 -1.2665 -1.6501 -1.3209 -0.91779 1.4508 1.1372 0.16801 1.5094 -0.9303
-1.2399 0.15531 0.50438 -1.1712 -1.3247 -1.3236 -0.57848 1.482 1.0601 -0.38907 0.87746 -1.2377
-1.3944 0.15862 0.32981 -0.96248 -1.2737 -1.119 -0.36894 1.6362 0.74865 -0.86659 0.51196 -1.3832
-1.4025 0.26692 0.19435 -0.78124 -1.0654 -0.89162 -0.29132 1.8102 0.13857 -1.5654 0.034032 -1.4703
-1.3416 0.28069 -0.074684 -0.61571 -0.77228 -0.68114 -0.11647 1.6249 -0.30939 -2.1199 -0.33827 -1.4468
-1.3672 0.17406 -0.3361 -0.51749 -0.53874 -0.48648 0.10318 1.2968 -0.4676 -2.4173 -0.49277 -1.3262
-1.5794 0.24613 -0.42136 -0.31956 -0.50746 -0.18709 -0.22676 1.2204 -0.88275 -2.2548 -0.36822 -0.87645
-1.5581 0.27643 -0.59807 -0.095534 -0.27968 -0.12027 -0.35545 1.1147 -1.1412 -2.2448 -0.19185 -0.23286
-1.5166 0.022032 -0.58572 -0.11319 0.059014 0.14623 -0.053108 0.87708 -1.0383 -2.3763 0.035682 0.017791
-1.6124 -0.23866 -0.57922 0.016528 0.2609 0.58562 0.14544 0.77302 -0.72231 -2.3464 0.090418 -0.1824
-1.5982 -0.46268 -0.45376 0.2475 0.69446 0.52323 0.28906 0.41324 -0.10688 -2.1128 0.32347 -0.16685
-1.6108 -0.45252 -0.34156 0.48013 0.89477 0.21949 0.03811 0.086131 0.069892 -1.8938 0.42852 -0.17011
-1.6979 -0.39506 -0.16388 0.53609 0.8207 0.22152 -0.29162 -0.05553 0.1364 -1.6681 0.48416 -0.35753
-1.7618 -0.3911 0.11023 0.49476 0.73627 0.19226 -0.26662 -0.24985 0.37733 -1.26 0.55464 -0.66229
-1.8213 -0.4573 0.28156 0.9357 0.7331 -0.076948 0.048798 -0.20833 1.0329 -1.2192 0.86867 -0.71994
-1.8383 -0.74984 0.33344 1.2703 1.0784 0.16937 0.8309 0.33534 1.8043 -1.0548 1.0873 -0.6452
           
-0.39197 0.37209 -0.46387 -2.0657 -1.0532 -0.2722 -1.5418 -0.3326 1.6119 2.1784 -0.57512 -0.83742
-0.43629 0.27582 -0.67014 -1.8863 -0.72192 -0.20803 -1.1333 -0.18185 1.3727 1.3974 -0.95606 -0.64835
-0.62781 0.3966 -0.87843 -1.608 -0.70256 0.18391 -0.75047 -0.18788 0.84353 0.80597 -1.1775 -0.25485
-0.55562 0.20165 -0.88331 -1.7013 -0.35282 0.18399 -0.30008 -0.49482 0.7876 0.16396 -1.0462 -0.13858
-0.32493 -0.15941 -0.69749 -1.9776 0.28197 0.078984 -0.083705 -0.85333 0.62898 -0.39794 -0.84255 0.093825
-0.4252 -0.24159 -0.63934 -1.6574 0.57037 0.00053509 -0.24076 -1.0861 0.26726 -0.97766 -0.66667 0.76126
-0.76056 -0.28483 -0.61655 -1.343 0.56428 0.041488 -0.34586 -1.1275 0.10546 -1.2705 -0.31167 0.9429
-1.0147 -0.28645 -0.45654 -1.0186 0.67304 -0.0041719 -0.21742 -1.2669 0.1483 -1.4595 0.057893 0.8477
-1.3643 -0.38181 -0.32529 -0.64215 0.7048 -0.056642 -0.25879 -1.4888 0.3279 -1.5538 0.49219 0.37069
-1.7513 -0.39592 -0.16765 -0.32474 0.49069 0.027721 -0.73192 -1.4445 0.28437 -1.1537 0.78043 0.15035
-1.9426 -0.34729 0.10677 -0.14187 0.3522 0.030356 -0.80127 -1.2935 0.31797 -0.70961 0.85044 0.042467
-2.1496 -0.27389 0.44216 0.12405 0.38631 -0.025951 -0.32493 -1.1197 0.77791 -0.48595 0.79269 -0.19565
-2.1136 -0.4091 0.64409 0.28077 0.52334 -0.10002 0.1672 -0.98034 1.2822 -0.74386 0.78768 -0.7096
-2.0389 -0.51836 0.63614 0.42401 0.45295 -0.0055155 0.13566 -0.76556 1.2612 -1.0004 0.79133 -1.1596
-2.2361 -0.28879 0.77495 0.53294 0.42294 0.011129 -0.20524 -0.57023 1.0261 -0.72706 0.41952 -0.96524
           
-0.90894 0.29107 -0.0080639 -0.97445 -1.6076 -1.0897 -0.31685 0.51374 1.6985 -0.69442 1.1575 -0.54761
-0.90728 0.2365 -0.1298 -1.0263 -1.1201 -0.90551 -0.16059 0.45957 1.3788 -1.0193 0.65034 -0.35261
-0.88972 0.14319 -0.24327 -1.1832 -0.71727 -0.72362 -0.026227 0.39987 1.033 -1.4034 0.22663 -0.50257
-0.8586 0.054002 -0.64087 -1.2035 -0.42868 -0.51529 0.018693 0.11409 0.76936 -1.976 0.05644 -0.94398
-0.98872 0.13631 -0.89933 -0.94725 -0.34329 -0.17464 0.026186 -0.047894 0.4985 -2.3368 -0.055883 -0.93401
-0.86047 0.12825 -0.76509 -1.0355 0.097668 -0.059343 0.17464 -0.52136 0.31296 -2.4761 -0.0081376 -0.52205
-0.86391 0.28563 -0.63712 -1.095 0.29136 0.31291 -0.15592 -0.8181 -0.14423 -2.0354 -0.086619 -0.13029
-0.85539 0.24309 -0.53098 -0.9761 0.53047 0.31681 -0.39879 -1.0514 -0.31006 -1.7498 -0.24311 0.25812
-0.98069 0.18059 -0.63303 -0.92719 0.52259 0.4398 -0.64795 -1.3215 -0.28829 -1.705 -0.077469 -0.044837
-1.1685 0.20974 -0.68397 -1.0848 0.2906 0.89613 -0.96432 -1.6366 -0.32042 -1.363 0.083828 -0.48899
-1.2681 0.17647 -0.6071 -1.3357 0.1346 1.2023 -0.99722 -2.0595 -0.21362 -0.85238 0.28512 -0.75867
-1.3307 0.11679 -0.45413 -1.3836 0.1785 1.0327 -0.86312 -2.3422 0.021582 -0.6627 0.43681 -0.69061
-1.4614 0.12554 -0.30123 -1.2595 0.16854 0.98766 -0.96159 -2.2715 0.079258 -0.47697 0.42412 -0.53196
-1.6195 0.22783 -0.15364 -1.0531 0.065691 1.0673 -1.2297 -1.9842 -0.068123 -0.11275 0.34025 -0.42753
-1.7362 0.2595 -0.068926 -0.75771 0.05279 1.0554 -1.3199 -1.6256 -0.088242 -0.0012453 0.25316 -0.38436
-1.7497 0.16819 0.029028 -0.53271 0.22553 0.97866 -1.1053 -1.2946 0.1042 -0.16218 0.26485 -0.35479
-1.7729 0.078991 0.26692 -0.40051 0.44718 0.95531 -0.6837 -1.0775 0.37756 -0.32527 0.2394 -0.36834
           
-0.42578 0.21213 1.0111 -2.2462 -1.494 -0.54182 -2.0631 0.68004 1.2001 1.0038 0.8921 -1.1818
-0.37875 0.097576 0.769 -2.2751 -1.1158 -0.42897 -1.8543 0.76868 0.97345 0.72163 0.39736 -1.2951
-0.39618 0.22422 0.5664 -2.3007 -0.91711 -0.082141 -1.6007 0.69563 0.43527 0.43709 0.05173 -1.31
-0.49083 0.30602 0.22858 -2.1919 -0.73085 0.20585 -1.3954 0.66871 -0.077406 0.058616 -0.58386 -1.3499
-0.65675 -0.013677 -0.071885 -2.0527 -0.60626 0.43081 -0.99652 0.66948 -0.31822 -0.32711 -1.174 -1.3932
-0.81451 -0.2779 -0.30297 -1.9606 -0.4396 0.51224 -0.76854 0.65135 -0.39265 -0.37441 -1.4326 -1.3359
-0.83564 -0.40017 -0.46942 -1.8979 -0.2711 0.61562 -0.70324 0.5454 -0.60971 -0.26811 -1.2981 -1.0847
-0.83732 -0.40532 -0.51763 -1.7797 -0.16104 0.79306 -0.74455 0.36586 -0.96773 -0.11957 -1.0633 -0.58292
-0.91665 -0.34548 -0.40422 -1.66 -0.17225 1.1118 -0.82473 0.1155 -1.2162 0.10966 -0.92592 0.075638
-1.0455 -0.33804 -0.30713 -1.4207 -0.12139 1.3713 -0.78947 -0.080349 -1.2482 0.13424 -1.2311 0.55595
-1.1193 -0.41231 -0.26222 -1.2971 0.11194 1.417 -0.81818 -0.12855 -1.2531 -0.069226 -1.3466 0.46315
-1.0641 -0.43903 -0.23304 -1.2921 0.21832 1.3109 -1.0628 -0.18532 -1.2494 -0.058934 -1.0783 0.26328
-1.0855 -0.46888 -0.22759 -1.1589 0.31348 1.1736 -1.1427 -0.31145 -1.2257 0.029963 -1.0332 0.04829
-1.2163 -0.40752 -0.17534 -0.96409 0.31834 1.0226 -1.1659 -0.54645 -1.2775 0.35242 -0.89367 0.052407
-1.2576 -0.44032 -0.05915 -0.83701 0.40076 0.79558 -1.1296 -0.59785 -1.2597 0.36334 -0.60067 0.16097
-1.3689 -0.42093 0.045036 -0.69575 0.42204 0.61764 -1.1404 -0.56812 -1.2218 0.28869 -0.45792 0.32156
-1.5088 -0.42539 0.10121 -0.5759 0.38474 0.57404 -1.0312 -0.60876 -1.1582 0.26118 -0.50616 0.42833
-1.6976 -0.39732 0.1096 -0.39707 0.22531 0.5933 -1.0331 -0.66037 -1.0813 0.31979 -0.63965 0.42257
-1.6428 -0.52629 0.17783 -0.29637 0.23352 0.39175 -0.92617 -0.73822 -0.88158 0.36046 -0.71826 0.42941
-1.6532 -0.54921 0.217 -0.15909 0.19791 0.23219 -0.93663 -0.79947 -0.74873 0.44982 -0.72647 0.43341
-1.708 -0.50302 0.2686 -0.055947 0.11526 0.18831 -0.97839 -0.89661 -0.65853 0.62862 -0.69899 0.43276
-1.7249 -0.51578 0.34517 -0.035026 0.05266 0.22627 -1.0107 -0.96124 -0.56905 0.82422 -0.61717 0.34018
-1.7534 -0.5297 0.42399 0.0058802 -0.010226 0.29272 -1.0334 -0.92579 -0.5155 0.95556 -0.46927 0.22496
-1.8628 -0.4735 0.48977 0.16607 -0.12626 0.34779 -1.075 -0.77826 -0.4973 1.0535 -0.38461 0.13598
-1.9741 -0.40169 0.56871 0.37705 -0.27822 0.44867 -1.0791 -0.64067 -0.43498 1.2033 -0.47181 0.14627
           
-1.1241 1.7293 2.1239 -1.4954 -2.2981 -1.8173 -2.9036 1.1111 -0.039991 1.2693 3.0124 -0.04952
-1.1535 1.5793 1.7627 -1.4471 -2.0848 -1.6428 -2.5437 1.5436 -0.062164 0.9535 2.5797 -0.41334
-1.0258 1.2122 1.3949 -1.6157 -1.7534 -1.4448 -2.0762 1.6945 -0.0027368 0.72214 2.0456 -0.93005
-0.93419 0.76943 1.0025 -1.7043 -1.5355 -1.0934 -1.6834 1.8153 0.14223 0.48377 1.3917 -1.3665
-0.90235 0.42171 0.64973 -1.6114 -1.2247 -0.96048 -1.2415 1.9196 0.081826 0.21936 0.59614 -1.4053
-0.81249 0.13242 0.33264 -1.5271 -0.85489 -0.66255 -0.85275 1.7998 -0.23249 -0.11132 -0.17766 -1.1715
-0.89086 -0.0012228 -0.032551 -1.4336 -0.62037 -0.11214 -0.65944 1.5967 -0.74513 -0.50544 -0.99174 -0.96595
-0.82871 -0.24371 -0.26444 -1.3627 -0.28334 0.14929 -0.64772 1.2739 -0.96871 -0.66572 -1.3682 -0.5327
-0.85709 -0.28656 -0.19748 -1.083 -0.047748 0.46419 -0.78467 0.78556 -1.1602 -0.55556 -1.3951 0.7912
-0.84071 -0.45657 -0.041927 -1.0131 0.34089 0.60435 -0.83305 0.49813 -1.2017 -0.6953 -1.2035 1.168
-0.99721 -0.55015 -0.0062427 -1.1759 0.43575 1.1465 -0.70724 0.14315 -1.3664 -0.3973 -0.78426 0.22878
-1.0311 -0.30592 0.31746 -1.1565 0.29032 1.1512 -1.017 -0.67695 -1.171 0.39357 -0.35227 0.27552
-1.0625 -0.29244 0.59073 -0.75981 0.37501 0.54868 -1.1797 -0.97548 -0.90334 0.52686 -0.22545 0.73275
-1.2935 -0.23786 0.68893 -0.58803 0.33463 0.32378 -1.3011 -0.65662 -1.0848 0.45062 0.28843 0.20459
-1.4623 -0.2464 0.84901 -0.2976 0.23079 0.20853 -1.3487 -0.40153 -0.88556 0.44027 0.41239 0.008564
-1.6208 -0.17582 1.0137 -0.026004 0.16576 0.26587 -1.2423 -0.20518 -0.59323 0.70513 0.42639 -0.12305
-1.7726 -0.094599 1.0611 0.069007 0.12515 0.60975 -1.0156 -0.012628 -0.47395 1.1376 0.35336 -0.47292
-1.8639 -0.13526 1.1964 0.17056 0.15793 0.89765 -0.84117 0.097773 -0.2155 1.4385 0.043815 -0.75568
-1.9063 -0.28536 1.4467 0.34735 0.32665 0.99847 -0.51106 0.18105 0.21684 1.4548 -0.41141 -0.70402
-1.9696 -0.33855 1.4635 0.33634 0.50221 0.93153 -0.23827 0.19261 0.30451 1.3635 -0.7767 -0.97435
-2.1811 -0.18214 1.376 0.3356 0.51952 0.85663 -0.25511 0.30319 0.11144 1.2494 -0.97958 -1.5713
           
-0.91091 1.7601 1.9641 -0.7571 -3.0326 -1.9396 -2.393 -0.057913 0.64177 2.4771 1.7299 1.6866
-1.0175 1.6945 1.7164 -0.67816 -2.9362 -1.6338 -2.1749 0.32424 0.62723 2.3559 1.1813 1.5772
-0.95287 1.4017 1.5447 -0.80391 -2.5939 -1.4659 -1.7037 0.49873 0.8147 1.9383 0.57924 1.3541
-1.0649 1.1942 1.1569 -0.6189 -2.5007 -1.2966 -1.4543 0.83555 0.8782 1.2828 0.097431 1.0045
-1.1592 1.1957 0.69576 -0.56021 -2.375 -1.033 -1.4087 1.0841 0.6507 1.1013 -0.36745 0.56316
-0.85235 0.87851 0.55368 -0.92417 -1.6776 -0.99292 -1.0905 0.92816 0.61808 0.87369 -0.87745 0.31999
-0.77511 0.59826 0.40541 -0.92798 -1.1287 -0.66753 -0.71125 0.90142 0.3597 0.19152 -1.551 0.58917
-0.84033 0.32196 0.15886 -0.96114 -0.73497 -0.48055 -0.29948 0.65973 0.15667 -0.47429 -1.9778 0.62889
-0.8124 -0.0078472 -0.046338 -1.0247 -0.35385 -0.31054 -0.086124 0.21209 0.026646 -0.81121 -1.9873 0.74916
-0.87927 -0.03299 0.041691 -0.84718 -0.14113 -0.11472 -0.34288 -0.030262 -0.2729 -0.91912 -1.6406 1.447
-0.80613 -0.081939 0.24298 -0.71437 0.14522 -0.15787 -0.3296 -0.43386 -0.32275 -0.93098 -1.2414 2.0542
-1.0238 -0.13942 0.31771 -0.44308 0.2437 -0.19762 -0.38403 -0.67765 -0.20532 -0.95198 -1.1019 1.7441
-1.1052 -0.1647 0.52772 -0.37408 0.257 -0.26168 -0.69623 -1.0087 -0.052326 -0.60135 -0.81972 1.3418
-1.2551 -0.14252 0.56389 -0.3508 0.30623 -0.16753 -0.77413 -1.3116 -0.085245 -0.29229 -0.51812 1.2633
-1.4166 -0.2574 0.60665 -0.25752 0.31687 -0.14556 -0.72291 -1.4048 -0.022002 -0.1412 -0.29867 1.3154
-1.4759 -0.45431 0.74297 -0.063312 0.32564 -0.30894 -0.57031 -1.3401 0.32791 -0.15268 -0.16268 1.2298
-1.5589 -0.54064 0.94351 0.08351 0.30595 -0.3073 -0.39429 -1.1792 0.6471 -0.0023063 -0.12954 0.98802
-1.6332 -0.61078 1.0368 0.18725 0.30294 -0.081935 -0.199 -0.98691 0.84746 0.060548 -0.13802 0.68987
-1.6732 -0.65707 1.061 0.22828 0.39453 0.08205 -0.067947 -0.86242 0.94151 0.067257 -0.19215 0.43685
           
0.47019 0.14331 2.2757 -2.049 -1.781 -1.3769 -2.8532 0.074237 2.1313 0.16 2.7004 -0.22791
0.17342 0.13026 1.845 -1.8542 -1.798 -1.0667 -2.5932 0.37379 2.0809 0.14335 1.9713 -0.52753
-0.14995 0.16626 1.2896 -1.6922 -1.7048 -0.86493 -2.0315 0.66473 1.6875 0.067885 1.2417 -0.82179
-0.44326 0.13793 0.77909 -1.511 -1.4862 -0.65252 -1.3522 0.91595 1.4975 -0.16061 0.32641 -0.88938
-0.61251 0.044178 0.44235 -1.2822 -1.2642 -0.59325 -0.8314 1.0569 1.3935 -0.80802 -0.43885 -0.96569
-0.66591 -0.072577 0.22189 -1.1675 -0.97638 -0.65958 -0.39598 1.0584 1.184 -1.4852 -0.98729 -1.167
-0.66636 -0.14417 0.026998 -1.1273 -0.78751 -0.53304 -0.22995 1.0294 0.91881 -1.9002 -1.3186 -1.4318
-0.55236 -0.1143 -0.052997 -1.1459 -0.51161 -0.34536 -0.15732 0.77287 0.6373 -2.1817 -1.6918 -1.3818
-0.40394 -0.09939 -0.099108 -1.1641 -0.00077737 -0.37283 0.012664 0.32144 0.31384 -2.501 -1.9468 -1.1349
-0.40387 -0.13584 -0.23271 -1.1139 0.4047 -0.30734 0.043513 -0.0042292 -0.11526 -2.7582 -1.9255 -0.93178
-0.39055 -0.27289 -0.36921 -1.1415 0.60727 -0.10985 0.0045141 -0.39165 -0.28139 -2.6721 -1.9619 -0.59058
-0.31554 -0.42048 -0.47089 -1.0934 0.75471 -0.0032916 -0.16829 -0.65394 -0.16996 -2.4555 -2.2481 -0.17083
-0.34765 -0.40909 -0.58013 -1.0121 0.86647 0.090044 -0.40954 -0.64619 -0.25345 -2.1755 -2.3397 -0.033683
-0.42578 -0.32254 -0.69447 -1.057 1.1148 0.060462 -0.46764 -0.64529 -0.39096 -1.9355 -1.9347 -0.22177
-0.50205 -0.23722 -0.59301 -1.0939 1.1684 0.32517 -0.50311 -0.75217 -0.36728 -1.4711 -1.3075 -0.14375
-0.48585 -0.21098 -0.44751 -1.1469 1.297 0.57655 -0.53819 -0.8247 -0.35511 -0.95017 -0.9345 -0.031665
-0.50865 -0.17156 -0.39001 -1.2195 1.4589 0.82538 -0.59099 -0.889 -0.40556 -0.49748 -0.777 -0.15788
-0.6512 -0.11517 -0.41481 -1.173 1.5502 1.2114 -0.63482 -0.81539 -0.50187 -0.10653 -0.89717 -0.40836
-0.76509 -0.041654 -0.38147 -1.0553 1.5967 1.3382 -0.68707 -0.8421 -0.51286 0.18249 -0.96251 -0.47435
-0.78292 -0.098389 -0.34503 -0.89018 1.657 1.1694 -0.6354 -0.96396 -0.38943 0.24775 -0.99978 -0.5079
-0.73623 -0.30041 -0.35376 -0.8685 1.8037 0.95446 -0.36462 -1.104 -0.26781 0.24066 -0.9806 -0.63975
-0.7364 -0.49025 -0.37409 -0.84459 1.8054 0.85694 -0.063045 -1.2555 -0.15919 0.19253 -0.88364 -0.71684
-0.8056 -0.47305 -0.24971 -0.62281 1.6392 0.64291 -0.15602 -1.3001 -0.071122 0.13317 -0.87193 -0.57873
           
-0.04111 -0.28758 1.6511 -1.3554 -2.5121 -0.41782 -1.8806 0.57934 2.8014 1.1152 1.3754 0.65722
0.3653 -0.8443 1.3232 -1.9566 -1.6577 -0.41787 -1.2557 0.67657 2.8549 0.74046 1.2222 -0.074235
0.19346 -0.86435 0.80612 -1.9036 -1.368 -0.15815 -0.94685 0.8541 2.5636 0.56595 0.47115 -0.45152
-0.052743 -0.83332 0.4681 -1.7935 -1.1373 0.10175 -0.90988 0.90606 2.0878 -0.028049 -0.19703 -0.68425
-0.31864 -0.47188 0.16767 -1.5439 -0.98359 0.41462 -0.942 0.76464 1.292 -0.46694 -0.84565 -0.32183
-0.42118 -0.26781 -0.01106 -1.2754 -0.72529 0.57502 -0.86325 0.55149 0.6877 -0.86244 -1.1583 0.3244
-0.53325 -0.15204 -0.099371 -1.1923 -0.45098 0.57358 -0.71508 0.21571 0.32812 -1.0016 -1.1567 0.68133
-0.47956 -0.21959 -0.037344 -1.1628 -0.07067 0.45617 -0.55566 -0.29044 0.10883 -0.8343 -0.79982 1.2133
-0.51003 -0.28781 -0.10702 -0.92675 0.16393 0.13442 -0.46017 -0.82756 0.013169 -0.8507 -0.60397 1.6231
-0.67002 -0.37201 -0.14855 -0.77469 0.39187 -0.18672 -0.46723 -1.2369 0.073054 -0.94439 -0.38484 1.6842
-0.89312 -0.23748 -0.00017713 -0.58263 0.39948 -0.046955 -0.83053 -1.4076 0.16028 -0.56863 0.086897 1.6122
-1.1505 -0.15106 0.23527 -0.48091 0.37781 0.37551 -0.79717 -1.6063 0.2477 -0.17144 -0.0067867 1.2117
-1.2728 -0.26524 0.45348 -0.38341 0.37258 0.34525 -0.41193 -1.8293 0.39916 -0.15051 0.032831 0.80054
-1.4418 -0.40923 0.60248 -0.10396 0.32128 0.0021322 -0.24702 -1.9077 0.63053 -0.28832 -0.054776 0.66461
-1.5285 -0.5287 0.72055 0.11334 0.23893 -0.22475 -0.14771 -1.8843 0.90987 -0.38657 -0.11608 0.51001
-1.6012 -0.50992 0.889 0.29068 0.12817 -0.33172 -0.05826 -1.794 1.1032 -0.34541 -0.16641 0.31817
           
-0.98648 0.7427 2.0323 -0.6385 -3.5208 -1.1181 -2.4149 0.45576 1.0289 2.1789 0.78952 0.80109
-0.79317 0.33929 1.93 -0.80149 -2.9771 -1.2979 -2.0128 0.52948 1.2778 1.8354 0.35169 0.69153
-0.76518 0.1429 1.5875 -0.80994 -2.6314 -1.1467 -1.6272 0.53839 1.3559 1.6569 -0.491 0.5989
-0.90553 0.11084 1.1122 -0.58174 -2.4948 -0.76558 -1.5433 0.72331 1.3858 1.2595 -1.5129 0.5764
-0.92887 -0.035708 0.73631 -0.52647 -2.23 -0.32591 -1.2935 1.0098 1.226 0.52015 -2.101 0.274
-0.94076 -0.14456 0.39115 -0.67158 -1.908 0.14085 -1.1235 1.1303 0.88354 -0.15466 -2.6393 -0.34914
-0.92264 -0.15353 0.087083 -0.70664 -1.4246 0.27136 -0.95318 1.0638 0.63659 -0.37923 -3.661 -0.57819
-0.78348 -0.22013 0.026568 -0.67196 -0.94007 0.23801 -0.52799 0.88988 0.60173 -0.56569 -4.3338 -0.44095
-0.51869 -0.38106 0.068277 -0.83955 -0.46937 0.34858 -0.27787 0.47062 0.39742 -0.71425 -4.4293 -0.27607
-0.33795 -0.48377 0.022488 -0.97057 -0.017964 0.6773 -0.4655 -0.043315 -0.16478 -0.69314 -4.3742 0.10641
-0.27392 -0.59871 -0.16713 -1.0249 0.30914 0.82655 -0.57349 -0.32209 -0.40801 -0.67829 -4.4691 0.18291
-0.33037 -0.48483 -0.29029 -1.0076 0.49686 0.76003 -0.7355 -0.57937 -0.51866 -0.5869 -4.1593 0.3271
-0.50263 -0.3319 -0.22155 -1.0499 0.58894 0.90593 -1.0351 -0.95742 -0.54893 -0.22377 -3.4452 0.64496
-0.81535 -0.2864 -0.16437 -0.93452 0.41796 1.3163 -1.0975 -1.2832 -0.51453 0.33919 -2.9481 1.0321
-1.0555 -0.40729 -0.10501 -0.88949 0.3284 1.7041 -0.76631 -1.3069 -0.41204 0.7235 -2.5642 0.87237
-1.2463 -0.4483 0.10509 -0.89586 0.35152 2.0774 -0.36735 -1.1603 -0.24828 0.993 -2.2057 0.45142
-1.3074 -0.51969 0.38659 -0.79418 0.50454 2.1782 0.086378 -1.0132 0.013197 1.0649 -2.084 0.31209
-1.266 -0.65493 0.58696 -0.58523 0.60072 2.108 0.55803 -0.90569 0.23862 0.93487 -1.9924 0.27161
-1.1872 -0.70248 0.73364 -0.36433 0.61514 1.8508 0.7826 -0.84522 0.26953 0.76561 -1.7823 0.27515
-1.1749 -0.64704 0.83155 -0.31412 0.7176 1.6476 0.73904 -0.72478 0.04246 0.65093 -1.5759 0.28696
           
-0.60221 0.63046 1.7201 -1.3887 -2.2355 -1.5157 -2.334 0.68756 1.0206 1.2544 1.55 -0.098899
-0.60542 0.42933 1.3064 -1.3279 -1.9272 -1.2333 -1.9691 0.92936 0.95276 0.87241 0.66524 -0.38948
-0.68304 0.15912 0.88595 -1.2769 -1.634 -0.71711 -1.4653 1.1587 0.83403 0.30122 -0.43022 -0.60151
-0.69107 -0.062754 0.579 -1.2342 -1.4107 -0.40745 -1.0885 1.2643 0.75042 -0.1795 -1.1994 -0.7164
-0.68067 -0.19738 0.296 -1.1951 -1.1652 -0.32976 -0.81265 1.133 0.64027 -0.4349 -1.6856 -0.73501
-0.59107 -0.30844 0.094096 -1.2133 -0.87269 -0.076583 -0.78613 0.88329 0.41651 -0.64962 -1.9462 -0.6207
-0.48466 -0.35311 0.033137 -1.1129 -0.61834 0.48217 -0.98628 0.75777 -0.01861 -0.937 -2.1162 -0.20912
-0.33395 -0.41719 0.0769 -1.0469 -0.19113 0.63383 -0.82609 0.62954 -0.25563 -1.103 -2.4407 0.22586
-0.31585 -0.47637 0.08433 -0.90322 0.16602 0.55182 -0.48725 0.2612 -0.36582 -1.0801 -2.8656 0.62844
-0.37668 -0.48064 0.11358 -0.7526 0.34569 0.49032 -0.49403 -0.22781 -0.50666 -0.79579 -2.8004 0.98866
-0.38379 -0.41833 0.2204 -0.73545 0.46567 0.50339 -0.83656 -0.559 -0.73372 -0.48664 -2.1494 1.3113
-0.41296 -0.44091 0.2623 -0.77086 0.53244 0.58797 -1.2135 -0.71149 -0.72024 -0.41452 -1.7649 1.3426
-0.63556 -0.42605 0.25558 -0.721 0.30974 0.8957 -1.4467 -0.92411 -0.61496 -0.071863 -1.7084 1.225
-0.77074 -0.53185 0.38766 -0.94785 0.1295 1.1775 -1.32 -1.2602 -0.49441 0.48805 -1.3109 0.79327
-0.89507 -0.52533 0.73907 -1.0793 -0.10464 1.3607 -0.84721 -1.5457 -0.43469 0.9529 -0.40377 0.51359
-1.0757 -0.46221 1.0024 -0.66005 -0.15463 1.2504 -0.45003 -1.3188 -0.30361 0.95596 0.078734 0.83453
-1.1394 -0.59894 1.0224 -0.40167 0.042359 1.2019 -0.34317 -0.9216 -0.050074 0.80175 -0.29608 0.81003
-1.2481 -0.63178 1.1184 -0.33874 0.11473 1.1922 -0.20942 -0.76845 0.11376 0.85835 -0.53436 0.44955
-1.3742 -0.55198 1.2835 -0.34876 0.07825 1.336 -0.15261 -0.79275 0.16938 1.0842 -0.42193 0.16917
-1.5132 -0.47028 1.4467 -0.30977 0.042106 1.4498 -0.10102 -0.8299 0.27172 1.2022 -0.46809 -0.022894
-1.5781 -0.5154 1.5287 -0.20515 0.098308 1.4154 0.029393 -0.79853 0.45182 1.1848 -0.65096 -0.18645
-1.6482 -0.53305 1.6006 -0.094636 0.13343 1.4082 0.028348 -0.70638 0.60442 1.1456 -0.83902 -0.34383
