1.045 0.092162 -1.3955 -0.26199 -0.50449 -0.37348 -0.00097002 1.2058 -0.37987 0.15196 0.28796 -0.0053575
1.3246 0.0084199 -1.8045 -0.462 -0.033369 -0.15997 -0.68756 1.1337 -0.83287 0.37605 0.24028 -0.31293
0.61685 0.43619 -2.0652 0.19616 -0.84737 1.1479 -1.6062 1.3322 -1.1899 0.80289 0.27199 0.11593
1.5226 -0.49005 -0.92211 -0.93745 0.48154 0.54357 -1.0401 0.14012 0.023363 0.23109 1.105 0.14492
1.6613 -0.63976 -1.0777 -0.5687 0.42218 0.56459 -1.237 -0.24283 0.10749 0.32376 0.88741 0.36424
2.1189 -1.1229 -0.95061 -1.3093 1.2235 0.21124 -1.3461 -1.0724 0.24285 0.78328 0.88238 -0.42653
1.7388 -0.90415 -0.67642 -1.3589 1.3543 0.61154 -1.6303 -1.0949 0.029269 1.2375 0.94534 -0.73927
1.8413 -1.1698 -0.0090252 -1.7084 1.3962 0.88551 -1.8002 -1.4904 0.4394 1.4235 0.76517 -1.2323
1.7343 -1.267 -0.0073722 -1.3853 1.2344 0.90004 -1.5354 -1.5236 0.44163 1.5856 0.56243 -1.749
1.4481 -1.1056 0.0021958 -0.69516 0.88955 0.7755 -1.1226 -1.1559 0.17004 1.4454 0.65847 -1.9397
0.85837 -0.7186 -0.25175 0.2361 0.25022 0.94464 -1.0629 -0.47339 -0.21679 1.2435 0.7543 -2.0225
1.473 -1.5351 0.49675 -0.16323 0.77016 0.11921 -0.51987 -0.64768 0.67872 0.73279 0.70033 -2.3476
1.0788 -1.3468 0.71477 0.33375 0.48683 0.21535 -0.42755 -0.44431 0.8142 0.62132 0.55551 -1.9513
           
0.090944 -0.27085 -1.528 -0.17313 -0.63435 -0.94797 2.2354 -0.21365 1.5907 -1.6981 1.3803 -0.18191
0.23872 -0.097854 -1.6188 -0.1785 -0.45892 -1.1097 1.3743 -0.35252 1.1022 -1.6042 1.8092 0.1706
0.29333 -0.096391 -1.7059 -0.013038 -0.44176 -0.64436 0.69689 -0.076597 0.51073 -0.83536 1.6564 0.71291
0.30512 -0.045367 -1.8404 0.16098 -0.49093 -0.20176 -0.23054 0.13877 0.021144 -0.44747 1.3019 0.78536
0.36411 0.0049597 -1.9517 0.48305 -0.91109 0.76039 -1.7028 0.60422 -0.71948 0.55373 1.1003 0.69568
1.0535 -0.92652 -1.1628 0.036739 -0.011977 0.42008 -1.5592 -0.10791 0.20342 0.52045 1.2739 0.38874
1.5461 -1.3109 -0.6542 -0.53137 0.9312 -0.15703 -1.485 -0.81212 0.39572 1.0628 1.0269 -0.32933
1.3166 -1.2586 -0.77626 0.0054745 0.89883 -0.4084 -1.3629 -0.62714 0.19159 1.3683 0.61132 -0.75757
1.1615 -1.3995 -0.51657 0.42629 0.83073 -0.75754 -1.2033 -0.39229 0.48468 1.0228 0.33542 -0.96759
0.7652 -1.2323 -0.05342 1.0505 0.51169 -0.94504 -1.3707 -0.071747 0.68771 0.64914 0.06456 -0.94041
0.45853 -1.128 0.24879 1.1809 0.38379 -0.84262 -1.4143 0.07927 0.83412 0.67185 -0.26426 -1.115
           
1.1853 -0.66695 -2.2355 -0.21815 -0.49875 -1.5152 1.4136 0.064537 1.4158 -0.52398 0.047428 -0.1832
1.1756 -0.66094 -2.2286 -0.040275 -0.69573 -1.2598 1.6553 -0.13264 1.2013 -0.50721 0.37823 0.094219
1.1492 -0.69757 -2.5129 0.4509 -0.80312 -1.4138 1.8749 -0.19729 1.0781 -0.69381 0.67685 0.18528
1.333 -0.82306 -2.4555 0.5394 -0.406 -1.8857 1.99 -0.50144 1.0179 -0.65958 0.7679 0.5625
1.1403 -0.46991 -2.1845 0.4938 -0.29628 -1.5978 0.90827 -0.55007 0.4171 0.27944 0.93291 1.2435
0.81051 -0.41044 -1.7712 -0.14216 0.0057072 -1.143 0.075356 -0.78541 0.3883 0.35785 1.1648 1.2958
0.73968 -0.29273 -1.8023 -0.043208 0.11999 -1.0075 -0.44113 -0.73032 0.057021 0.32657 1.2115 1.1251
0.67193 -0.083597 -2.2451 0.9695 -0.5635 -0.20343 -1.5661 -0.18092 -0.55401 0.80119 0.7804 0.86207
0.61652 0.00037628 -2.3832 1.6923 -1.0594 0.82102 -2.55 0.26309 -1.0004 1.3555 -0.066307 0.66076
1.1994 -0.27556 -1.7613 1.3815 -0.1939 -0.011159 -2.0993 -0.04248 -0.66105 1.1006 0.20517 0.043816
1.1934 -0.45046 -1.4803 1.5518 -0.093198 -0.64694 -1.7775 -0.37933 -0.21726 0.98962 -0.1776 -0.4466
1.3074 -0.762 -1.0889 1.7318 0.034603 -0.80585 -1.6668 -0.23544 0.20356 0.57144 -0.35791 -0.62452
           
-0.059925 -0.79582 -2.1655 0.62956 -1.2366 -0.3553 1.0715 -0.11357 0.94595 -0.44466 1.3438 1.0975
0.054169 -0.71402 -2.0709 0.50466 -0.94089 -0.075239 -0.027484 0.23607 0.26612 0.45589 1.3443 1.5101
0.30675 -0.82578 -1.9218 0.42468 -0.7106 0.37025 -1.1841 0.67588 -0.13745 0.99865 1.5509 1.3158
0.48448 -0.83915 -1.9862 0.75148 -0.70227 0.81905 -1.9993 0.93185 -0.30624 1.2342 1.6736 1.1252
1.6285 -1.8334 -0.99971 -0.43484 0.78408 -0.25108 -1.3058 -0.36411 1.047 0.84093 1.8811 0.35021
1.5347 -1.6569 -0.79847 -0.49828 1.0631 -0.55532 -1.4235 -0.83256 1.0578 1.6016 0.75735 0.040997
1.0437 -1.1946 -1.1058 0.58194 0.72413 -0.76088 -1.6647 -0.3931 0.71638 1.2969 0.29092 -0.010499
0.34817 -0.71695 -1.3284 1.6093 -0.19499 -0.32262 -2.3544 0.39586 0.13673 0.9694 -0.068506 -0.30189
0.26818 -0.78612 -0.85393 1.6259 -0.2133 -0.49106 -2.2921 0.47033 0.27684 0.45434 -0.12847 -0.80882
0.4085 -1.0779 -0.34006 1.5651 -0.055984 -0.66141 -1.89 0.47731 0.56842 0.051278 -0.088575 -1.1898
           
0.88694 -0.88038 -3.4235 1.4219 -0.6713 -1.26 1.6949 -0.16524 0.84447 -0.53709 1.4019 0.20221
0.46579 -0.96597 -2.8568 1.0435 -1.0523 -0.69829 1.3482 -0.93382 1.1845 -0.38052 1.4731 0.37452
0.31998 -0.88545 -2.509 0.78899 -0.72341 -0.66282 0.71284 -1.1475 1.1607 -0.031622 1.3419 0.82879
0.417 -0.81036 -2.4377 0.77697 -0.26308 -1.0724 0.26001 -1.383 1.0698 0.23213 1.258 0.81853
0.47515 -0.64187 -2.6412 0.961 -0.55898 -0.70057 -0.68577 -1.5338 0.89334 0.53422 0.98932 0.30593
0.47228 -0.59109 -2.4719 1.3973 -0.76308 -0.25418 -1.5513 -0.85686 0.2886 1.2818 0.2644 0.5375
0.76225 -0.94593 -1.8615 1.2969 -0.4048 -0.071126 -1.9932 -0.31096 0.20502 1.5492 0.22486 0.40382
0.65225 -0.97176 -1.6091 1.3634 -0.48648 -0.027583 -1.8641 -0.55915 0.56326 1.3989 -0.18441 0.19397
0.81351 -1.0628 -1.3961 1.6391 -0.34085 -0.45452 -1.4945 -0.4883 0.56954 1.1799 -0.39384 -0.096233
0.20989 -0.58872 -1.6313 2.6154 -1.1427 -0.26993 -1.7606 0.061967 0.040632 1.0737 -0.88665 -0.21497
0.29522 -0.75815 -1.3596 2.8599 -1.2434 -0.70854 -1.5027 -0.11946 0.38619 0.74312 -1.1908 -0.50805
           
1.6684 0.84418 -2.5137 0.28232 -0.74246 -0.16351 -1.3908 1.05 -1.3257 1.1812 0.10766 0.37648
1.6759 0.39273 -2.7638 0.50097 -0.46698 0.021292 -1.0368 1.2063 -1.5127 1.1039 -0.024286 0.60289
1.4021 0.39989 -2.7663 0.78987 -0.52143 -0.16023 -0.96285 0.82207 -1.5627 0.91878 -0.0051109 0.95262
0.90535 0.73115 -3.0624 1.2327 -1.188 0.16316 -1.3147 0.16624 -1.5652 0.71537 0.23445 0.86776
1.0548 0.33083 -3.2257 1.2549 -1.0769 -0.2878 -0.6811 -1.2558 -0.62031 0.12358 0.88572 -0.15178
0.79288 0.22803 -2.6498 0.99464 -0.53384 -0.94009 -0.82708 -2.0967 0.21956 -0.14838 1.0488 -0.49704
0.65322 0.33209 -2.9235 1.4518 -0.81783 -0.5448 -1.6124 -2.008 0.17176 0.36272 0.64722 -1.1022
0.83821 0.17093 -2.6567 1.7305 -0.90092 0.14673 -2.1584 -1.3542 -0.3277 1.5428 -0.36771 -0.67512
1.3659 -0.37279 -1.5241 1.3104 -0.054704 0.18633 -1.8673 -0.42356 -0.38599 1.421 -0.20578 -0.7429
0.98242 -0.20313 -1.3001 1.7681 -0.28873 0.11279 -1.8971 -0.23615 -0.13074 1.1389 -0.99476 -0.84477
           
1.2822 -1.2758 -1.9448 -0.12971 -0.66108 0.018984 1.2192 1.5942 0.13444 1.0428 2.1163 0.17587
1.4249 -1.3014 -1.896 -0.31483 -0.16753 -0.41474 1.1427 1.0753 -0.25196 1.3584 2.3215 0.50414
1.4018 -1.2165 -1.7797 -0.44995 0.032146 -0.3474 0.59274 0.67483 -0.61305 1.3057 2.4494 0.52171
0.94791 -0.97185 -1.4537 0.08457 -0.55176 0.10797 -0.297 0.29489 -0.42771 1.223 2.2707 0.8206
0.60693 -0.75856 -1.558 0.78208 -0.7744 0.038167 -1.2498 0.55252 -0.6861 1.1362 1.9399 0.84188
1.3212 -1.4085 -1.2209 0.66787 0.0050302 -0.87591 -1.0699 0.1108 -0.078053 0.30745 1.8805 0.53433
1.6865 -1.915 -0.44981 0.53562 -0.1352 -1.1603 -0.81106 -1.0346 0.97851 0.49506 0.55864 0.73629
0.98845 -1.3001 -0.75963 1.683 -0.88719 -0.84877 -1.3274 -0.68326 0.83582 0.74177 -0.38056 0.86023
1.4877 -1.6295 -0.20538 1.5572 -0.16716 -1.6736 -0.79085 -0.87109 1.2941 0.77214 -0.62852 0.31964
1.8458 -1.544 0.25612 1.6125 0.10011 -2.0142 -0.61035 -0.82953 1.2868 0.44236 -0.90295 -0.090179
1.5754 -1.5306 0.57705 1.8797 -0.068223 -1.5617 -0.80408 -0.41922 1.6941 -0.13817 -1.4795 -0.36543
1.1536 -1.087 0.53978 2.5286 -0.33582 -1.6845 -0.60382 0.023843 1.3791 -0.073789 -1.5336 -0.47397
1.0065 -0.97556 1.0571 2.2751 -0.1313 -1.5746 -0.1009 0.25843 1.2955 0.0012043 -1.2262 -0.71797
1.0983 -0.88206 1.313 2.0089 0.087147 -1.5151 0.19546 0.19836 0.93809 0.01184 -1.2349 -1.1765
0.95478 -0.59235 1.3362 2.2624 0.17765 -1.7589 0.39404 0.30008 0.49788 -0.017002 -1.6366 -1.2405
0.65378 -0.34524 1.3519 2.5448 0.19347 -1.7863 0.44046 0.46347 0.35421 0.0066881 -2.25 -1.2217
           
1.7338 -0.44489 -1.9001 1.0997 -0.76609 -1.9385 1.9378 0.6938 0.75351 0.022627 0.71637 0.29316
1.6929 -0.32448 -2.1786 1.1168 -0.74829 -1.4006 1.3749 0.77886 0.24939 0.3235 0.69576 0.57186
1.5344 -0.098655 -2.3503 1.2174 -0.80503 -0.89091 0.87283 0.83375 -0.24695 0.52897 0.5006 0.71966
1.4376 -0.14299 -2.3911 1.4233 -0.77384 -0.56589 0.54515 0.96045 -0.58991 0.45174 0.26151 0.90276
1.2425 0.072788 -2.8644 2.1562 -1.7001 -0.21082 -0.14177 0.15165 -0.74109 0.34323 0.48832 0.77052
1.333 -0.013027 -2.9192 2.2966 -1.3762 -0.77391 -0.18926 -0.57558 -0.63492 -0.094726 0.97038 0.60696
1.2245 0.029334 -1.9712 1.5446 -0.54818 -0.46345 -0.793 -0.54304 -0.70039 0.23102 0.18053 1.1647
1.0144 0.27298 -1.3128 1.0702 -0.25284 -0.19896 -1.5386 -0.80164 -0.34292 0.17146 -0.18659 0.57246
0.6415 0.39253 -0.96041 1.3593 -0.56361 0.58212 -2.1504 -0.57033 -0.26472 0.96487 -0.58854 0.080738
0.76328 -0.18675 -0.42476 1.2664 -0.27445 0.97207 -1.5243 -0.096619 -0.074469 1.3059 -0.30692 -0.50747
0.53912 -0.25652 -0.23999 1.6466 -0.41836 1.006 -1.1031 0.34887 -0.068751 1.1313 -0.61069 -0.89632
0.2302 -0.093706 -0.11576 2.1135 -0.70123 0.96281 -1.0374 0.80001 -0.27369 0.96978 -0.94544 -1.2817
0.07676 0.006895 0.080444 2.5205 -0.9254 0.86923 -1.073 1.0345 -0.23129 0.68803 -1.2638 -1.5075
           
1.5469 -0.37016 -2.1351 -0.28788 -0.63986 0.44756 -0.34536 1.4416 0.4269 0.48166 -0.042332 -0.5973
1.4673 -0.11727 -2.5115 0.32018 -1.0007 0.72176 -0.55289 1.5256 -0.11638 0.69441 -0.41883 -0.076235
1.2157 -0.086165 -3.0915 0.99696 -1.6391 0.79114 -0.41005 0.65439 -0.17043 0.60745 -0.8829 0.10014
0.9875 -0.18207 -3.1842 1.0799 -1.8873 0.98543 -0.38046 -0.17749 0.027026 0.28639 -0.94055 -0.081824
0.77681 -0.040334 -2.4121 0.68467 -1.243 1.2273 -1.1975 -0.043534 -0.26378 0.49783 -0.55869 0.58806
0.89477 0.024205 -2.1715 0.26736 -0.6589 0.96629 -1.3224 -0.7186 -0.2471 0.38505 -0.27757 0.23802
1.2722 -0.10166 -2.1103 0.086548 -0.31739 1.015 -1.6329 -1.0494 -0.42437 0.84896 -0.36958 -0.20016
1.5006 -0.39024 -1.594 -0.087982 0.109 1.1086 -2.0053 -0.88812 -0.36498 0.92525 0.25235 -0.59831
1.8236 -0.75868 -0.77766 -0.76593 0.91681 0.58599 -1.7272 -1.3305 0.11181 0.89436 0.78309 -1.0886
1.7333 -0.5968 -1.0997 -0.078936 0.65075 0.59925 -1.7267 -0.86022 -0.078886 0.8777 0.73606 -1.2028
1.7744 -0.75545 -0.90001 0.71187 0.3084 0.107 -1.1776 -0.56187 0.27588 0.70218 0.52595 -0.8184
           
1.1805 0.2042 -2.1127 0.83824 -1.8629 0.35549 -0.087878 0.35818 0.38896 0.53294 -0.19014 0.60817
1.4495 -0.40259 -1.5579 0.15263 -1.3384 0.59238 -0.31053 0.2022 0.71101 0.38364 -0.20663 1.0687
1.3386 -0.62757 -1.5225 -0.25212 -0.81101 0.66147 -0.41533 0.0013985 0.68193 0.23583 0.087157 0.80826
1.1313 -0.54934 -1.4812 -0.39901 -0.29991 0.16354 -0.29103 -0.56795 0.67152 0.12958 0.092032 0.83124
1.0289 -0.39513 -1.5095 -0.43815 -0.14858 0.2458 -0.91783 -0.85852 0.44619 0.14381 0.4439 0.90312
1.1599 -0.42451 -1.4397 -0.25031 -0.40014 1.0777 -2.0455 -0.67912 0.19442 0.43963 0.78841 0.94375
1.4465 -0.86885 -0.93665 0.22443 -0.24275 0.99526 -2.1701 -0.6785 0.60683 0.55385 0.95194 1.3113
1.7538 -1.2918 -0.26023 -0.21688 0.54711 0.32933 -1.8403 -1.0649 1.2037 0.50707 1.26 0.87428
1.1864 -0.70479 -0.72433 0.74321 0.031083 0.38368 -2.219 -0.3321 0.56255 0.69732 0.89796 0.80613
1.8514 -1.2793 0.1291 0.13421 0.83783 -0.69393 -1.6738 -0.82056 1.2398 0.30904 0.87638 0.17696
1.5129 -1.1591 0.45832 0.34119 0.63226 -0.4621 -1.5449 -0.66894 1.2038 0.096799 0.74089 -0.060106
0.80721 -0.58854 0.11663 1.2639 0.16753 -0.17766 -1.6864 0.24542 0.47833 -0.21795 0.68333 -0.13329
0.66574 -0.46983 0.21223 1.3989 0.14822 -0.083275 -1.5728 0.42033 0.3976 -0.10574 0.55218 -0.33928
0.56187 -0.59741 0.60984 1.215 0.15954 -0.054374 -1.1583 0.32629 0.60216 0.018544 0.65747 -0.70314
0.44175 -0.60744 0.86935 1.3301 0.041667 0.05277 -1.0072 0.58202 0.67359 -0.27876 0.82419 -1.1889
           
2.3002 -0.44382 -2.0474 -0.49879 0.44206 -0.75731 -0.50882 1.0153 -0.30344 1.1877 0.94332 -0.06267
2.2397 -0.58746 -2.4851 0.25952 0.20906 -1.151 0.24627 0.058668 0.081185 1.0958 0.45968 0.86096
2.1688 -0.57817 -2.5812 0.496 -0.10745 -1.2416 0.25358 -0.78108 0.41498 0.70808 0.54054 0.89515
1.2843 0.019918 -2.1454 0.014415 -0.27218 0.14219 -1.6304 0.012819 -0.53135 0.94326 0.74908 0.63649
0.95384 0.3688 -2.0022 -0.14537 -0.15349 0.12017 -2.4563 -0.20113 -0.83311 0.91849 1.1819 0.1352
1.0674 0.41056 -1.9393 -0.091532 0.021175 -0.15168 -2.4139 -1.1702 -0.46124 1.172 1.0711 0.24606
1.2379 -0.018513 -1.8766 0.2691 0.3589 -0.29147 -1.8565 -1.2506 -0.38615 2.0415 0.58984 0.44161
1.1044 -0.15049 -1.5497 0.80614 0.17317 0.11521 -1.9254 -0.675 -0.42675 2.2407 0.38342 0.23938
1.7726 -0.94413 -0.35739 0.3458 0.87724 -0.94165 -1.2703 -1.1425 0.47127 1.7498 0.11622 -0.42754
2.1774 -1.3505 0.35269 0.021892 0.89694 -1.2023 -1.327 -1.3946 0.75672 1.2398 0.14396 -1.2111
2.0911 -1.1739 0.31695 0.88029 0.64129 -1.1783 -1.1061 -0.85378 0.93921 0.28549 0.28746 -0.92249
           
1.3219 -0.64095 -1.9878 -0.64303 -0.17712 -0.12514 -0.0043625 1.7447 -0.17039 -0.086575 -0.16108 -1.4529
1.9177 -1.4033 -1.7469 -0.68401 0.50088 -0.67425 0.35091 1.5458 -0.020484 -0.09067 0.26547 -1.4083
1.8481 -1.5416 -1.3242 -0.9238 0.54684 -0.51854 0.57458 0.55505 0.17216 0.32758 -0.36777 -0.15868
1.2095 -1.1016 -1.6527 -0.2674 -0.26989 0.28254 0.16799 -0.046963 0.50279 0.12976 -0.60856 0.67927
1.317 -1.0286 -1.718 -0.38177 -0.4171 1.2551 -1.0817 -0.21565 0.52599 0.026836 -0.068706 0.60332
0.74624 -0.71577 -1.9988 0.12539 -0.7121 1.6861 -2.1497 -0.23446 0.13128 0.5604 0.010667 0.65604
0.66288 -0.7703 -1.6844 0.242 -0.6674 1.7293 -2.4052 -0.45564 0.24139 0.87175 0.18 0.79239
1.4463 -1.6484 -0.64808 -0.49083 0.32693 0.90708 -1.8065 -1.3032 1.2989 0.697 0.90974 0.39599
1.4274 -1.6358 -0.45059 -0.49444 0.73481 0.012663 -1.7222 -1.4058 1.0589 1.097 0.36019 -0.025295
0.86285 -1.1407 -0.80862 0.5166 0.21052 0.12267 -1.6386 -0.81703 0.31973 1.542 0.36456 -0.22756
1.1474 -1.3586 -0.37845 0.33022 0.56788 -0.32118 -1.2101 -0.70498 0.34257 1.2715 0.60955 -0.83979
1.1962 -1.39 0.10648 0.27636 0.79024 -0.7102 -1.0226 -0.348 0.35004 0.584 0.75608 -1.0669
1.241 -1.3876 0.49741 0.57707 0.80596 -1.1115 -1.0522 -0.060194 0.45988 0.037956 0.70639 -1.2931
0.95698 -1.091 0.41403 1.0699 0.56334 -1.0983 -1.1751 0.22438 0.29211 -0.20221 0.53996 -1.5052
0.89673 -0.94885 0.34055 1.2172 0.36394 -1.0115 -1.1374 0.19698 0.17176 -0.055496 0.45909 -1.7889
           
1.8024 -0.98914 -1.8473 0.5814 -0.13838 -1.3093 1.9002 0.29876 0.8401 0.76783 0.85796 1.0771
1.7141 -0.97839 -1.6975 0.73947 -0.26755 -1.4951 1.6392 -0.29645 1.0867 0.87986 1.0616 1.4127
1.5921 -0.69144 -1.9687 0.87663 -0.98681 -0.45274 0.57805 -0.48091 0.63946 1.1803 0.89012 1.3995
1.1126 -0.45984 -1.5769 0.44059 -0.71529 0.3193 -0.22788 -0.27608 0.28967 1.2114 1.1891 1.8034
0.71676 -0.42017 -1.604 0.59526 -0.60128 0.39942 -0.81982 -0.17703 0.26949 1.2298 1.1004 1.6589
0.72415 -0.51722 -1.435 0.54121 -0.26517 -0.040279 -1.0742 -0.58799 0.58633 1.2601 0.98553 1.3793
0.56013 -0.29602 -1.6079 0.95393 -0.77167 0.49392 -1.8108 -0.49422 0.23908 1.64 0.79914 1.1127
0.71441 -0.36758 -1.6413 1.3395 -1.1512 0.64673 -1.8862 -0.70495 0.11548 1.9596 0.24799 0.88834
0.76204 -0.4778 -1.5128 1.7219 -1.2279 0.67078 -1.9978 -0.19781 -0.22365 1.9351 0.13516 0.59895
1.2787 -0.99979 -0.69434 1.2118 -0.26944 -0.20886 -1.4006 -0.42894 0.38495 1.0051 0.545 -0.055159
1.8421 -1.6112 0.28428 0.52379 0.4222 -0.90057 -1.1428 -1.0027 1.1416 0.43238 0.6544 -0.69026
1.2808 -1.3342 0.31153 0.96942 0.029689 -0.50199 -1.3139 -0.78988 1.0333 0.39806 0.30252 -0.6275
0.85103 -0.96224 0.44048 1.3343 -0.1524 -0.20165 -1.5691 -0.42095 0.96693 0.38217 -0.01794 -0.47195
0.34178 -0.64684 0.2938 2.2433 -0.6808 0.16743 -1.5652 0.22575 0.64652 0.80286 -0.34625 -0.29604
0.51769 -0.88787 0.61592 2.1533 -0.42497 -0.18492 -0.89738 0.18806 0.88416 0.76995 -0.16414 -0.7339
0.71208 -1.2117 1.1627 1.8613 -0.17532 -0.42954 -0.33248 0.24513 1.2784 0.33848 -0.0059002 -1.1524
           
0.93849 0.43746 -2.6884 0.16098 -0.23239 -1.4409 0.57398 -0.37585 0.12332 0.01236 0.32329 0.37494
0.94446 0.17532 -2.8596 1.0398 -0.33959 -1.1757 0.29515 0.50086 -0.4617 0.76941 -0.31581 1.189
0.91005 0.19593 -2.6578 1.2631 -0.16459 -1.6288 0.68811 -0.074624 -0.014811 0.35634 0.18248 1.4585
0.76708 0.32043 -3.1501 1.6439 -0.41704 -1.395 0.55268 -0.71646 0.12463 0.10089 0.99171 0.80352
0.39899 0.53526 -3.4514 1.9601 -1.0056 -0.6974 -0.49097 -0.91133 -0.073786 0.13229 1.2444 0.0039053
0.0488 0.62855 -2.9274 1.6307 -1.6046 0.31539 -1.9469 -0.99049 -0.0043808 0.23357 1.0644 -0.22468
0.28742 0.28757 -2.0322 1.2095 -1.1714 0.57077 -2.3069 -0.92023 0.077122 0.50158 0.41565 0.60437
0.095052 0.14912 -1.7819 1.4613 -1.2125 0.6842 -2.3273 -0.82776 0.21097 0.65389 -0.052937 0.48234
-0.037795 -0.03161 -1.5335 2.0997 -1.4982 1.2738 -2.7269 0.11745 -0.33572 1.6234 -0.74831 0.6119
0.46455 -0.68336 -0.63779 1.673 -0.52148 0.3721 -1.6951 0.23718 0.069337 0.78797 0.1768 -0.18168
0.39062 -0.52566 -0.40551 1.6288 -0.41242 0.46775 -1.7299 0.43333 -0.026469 0.40375 0.17528 -0.70514
0.25704 -0.32747 -0.17935 1.668 -0.43534 0.5943 -1.7529 0.52205 -0.059605 0.23491 0.02743 -1.041
0.33275 -0.54361 0.35497 1.7307 -0.15359 0.30995 -1.407 0.59321 0.39578 -0.051692 0.078081 -1.2285
           
2.3685 -2.4611 -2.0529 -0.03506 -0.77187 0.31551 1.2066 0.65353 1.488 0.078557 -0.051418 0.062968
2.1384 -2.6185 -1.6087 -0.68809 -0.22281 0.30693 0.98682 0.36589 1.654 -0.23837 0.16819 -0.020997
1.3413 -2.0883 -1.6432 -0.76115 -0.30622 0.5403 0.30033 0.13309 1.3042 0.20719 0.10656 0.37446
0.74127 -1.4721 -1.8802 -0.36446 -0.69286 0.8632 -0.3657 -0.063474 1.033 0.31125 0.11469 1.0032
0.93249 -1.4991 -1.8139 -0.60675 -0.32091 0.55886 -0.30332 -0.88251 1.2415 0.51179 -0.038259 1.2135
1.1933 -1.6564 -1.8782 -0.6506 -0.090093 0.73989 -0.87883 -0.80641 0.87759 0.96581 0.41906 0.66648
1.8301 -2.1437 -1.3453 -1.1187 0.59689 0.32427 -0.93222 -1.0098 1.0269 0.86763 1.2546 0.036026
1.8555 -2.1769 -1.2787 -0.8983 0.75961 0.1381 -1.1756 -0.92278 0.9644 0.65366 1.7861 -0.30983
2.4118 -2.8236 -0.85359 -1.2816 1.1161 -0.39371 -1.107 -1.3024 1.4462 0.3417 1.6958 -1.2445
1.833 -2.4192 -0.62444 -0.60217 0.86321 -0.40208 -1.3362 -1.1921 1.3725 0.55237 1.084 -0.68043
1.5836 -2.032 -0.57943 -0.19656 0.76541 -0.62437 -1.3659 -1.1626 1.0305 0.75282 0.49193 -0.67451
1.2783 -1.695 -0.52067 0.10505 0.73769 -0.77059 -1.4129 -0.81079 0.5725 0.68531 0.56348 -1.0604
1.4331 -2.0039 -0.15815 0.072762 0.89984 -1.0828 -1.1715 -0.53195 0.68456 0.30334 0.60805 -1.6276
1.345 -2.1188 -0.054155 0.43972 0.84303 -1.2038 -0.83921 -0.32663 0.81228 0.41359 0.3773 -1.6941
0.96607 -2.0868 0.20013 0.65882 0.64483 -0.90168 -0.69107 -0.10359 1.0103 0.35704 0.099355 -1.6986
0.42206 -1.7021 0.089792 1.0929 0.26714 -0.36723 -0.785 0.095364 0.87391 0.51209 -0.033566 -1.6892
0.50269 -1.8219 0.35031 0.75179 0.39233 -0.2565 -0.57922 -0.037157 0.96604 0.77086 -0.36075 -2.3332
           
0.6609 -0.10945 -3.2741 0.57713 -0.65816 -1.1457 1.3528 -0.43365 1.0743 -1.4717 0.14633 -1.2673
0.7273 -0.2296 -3.4608 0.70707 -0.58406 -0.9348 1.1828 -0.56166 0.71037 -1.2565 0.37787 -0.90383
0.56821 -0.16204 -3.6417 1.1768 -0.89787 -0.52615 0.75805 -0.57204 0.25797 -0.96096 0.44274 -0.7007
0.96201 -0.51611 -3.2526 1.2516 -0.82246 -0.58672 0.68951 -0.81294 -0.016106 -0.20928 0.44799 -0.1173
1.0618 -0.65665 -2.5496 0.72203 -0.50082 -0.46869 0.067415 -1.2677 0.086924 0.45055 0.16141 0.42088
0.7412 -0.34745 -1.954 0.29898 -0.29637 -0.1214 -1.2747 -1.3988 0.23416 0.63489 0.36699 0.56191
0.35482 -0.080615 -1.8474 0.85748 -0.71664 0.22749 -2.2289 -1.2088 0.14489 0.72257 0.44705 0.54773
-0.10035 0.09056 -1.9041 1.6625 -1.2626 0.14873 -2.1611 -1.4273 0.59349 0.27326 0.22098 0.17578
-0.35394 0.10885 -1.9214 2.1489 -1.4551 -0.05504 -1.9723 -1.3393 0.7939 -0.041213 0.14073 -0.38938
-0.16983 0.027342 -1.7441 2.3647 -1.6257 0.41122 -2.3449 -0.83973 0.30721 0.60204 -0.80718 -0.019773
0.77302 -0.91762 -0.64562 1.5546 -0.47551 0.24607 -1.9317 -0.56319 0.58097 0.655 -0.67274 -0.13847
1.0232 -1.1471 0.044819 1.2221 0.036793 -0.22719 -1.4252 -0.58037 0.88962 0.16482 -0.38469 -0.4667
0.76135 -1.0118 0.18879 1.6505 -0.18675 -0.18921 -1.2669 -0.17759 0.82868 0.074485 -0.47245 -0.49536
0.35522 -0.67964 0.075215 2.2046 -0.5522 0.038895 -1.4278 0.31412 0.66307 0.080294 -0.84884 -0.4671
           
0.32877 -0.35609 -1.7428 -0.39724 -0.62838 -0.0040426 -0.18173 1.7065 0.047183 -0.4045 0.45812 -0.64954
0.33114 -0.50323 -1.9974 0.080893 -0.82651 0.29619 -0.57132 2.1187 -0.46267 0.14158 0.52105 -0.25389
0.41817 -0.55785 -2.1216 0.27662 -0.75577 0.40939 -0.83141 2.0816 -0.80583 0.43417 0.7197 0.032376
0.92677 -0.85464 -1.8782 -0.31628 -0.2124 0.21435 -0.70545 1.3053 -0.50428 0.40972 1.1997 -0.1171
1.1822 -0.99964 -1.8202 -0.44433 0.14243 -0.037329 -0.69489 0.94247 -0.64701 0.53968 1.5446 -0.040377
1.4851 -1.3798 -1.6238 -0.56156 0.59372 -0.35126 -0.67785 0.49812 -0.38939 0.7602 1.7875 0.0049956
1.6749 -1.7872 -1.4173 -0.28265 0.68745 -0.46866 -0.8143 0.039634 0.23226 0.64576 1.9249 0.23316
2.0521 -2.1727 -1.2634 -0.36714 0.78918 -0.8299 -0.52109 -1.0692 0.5533 1.2287 0.67139 0.12751
1.6492 -1.813 -1.7096 0.59502 0.11255 -0.44274 -0.87967 -1.1622 0.50289 1.2905 0.38684 0.35268
2.1968 -2.3659 -1.0042 -0.14038 0.81642 -0.74987 -0.88892 -1.3629 0.95794 0.96 1.1606 -0.65954
1.6998 -2.0666 -0.74865 -0.15815 0.79249 -0.58315 -1.0854 -1.144 0.71344 1.2739 1.1391 -1.358
1.5095 -2.0887 -0.55952 0.19757 0.81776 -0.9007 -0.95666 -0.92496 0.83142 1.186 0.40887 -1.4174
1.1829 -1.8015 -0.56197 0.74542 0.84753 -1.1392 -0.90851 -0.54351 0.64968 1.0435 -0.13449 -1.3033
1.5723 -2.1092 -0.17031 0.56767 1.2531 -1.6719 -0.63924 -0.306 0.63939 0.93657 -0.82378 -1.9159
1.3646 -2.149 0.051942 0.78977 1.281 -1.551 -0.38455 0.13298 0.7263 0.73792 -1.1502 -2.1292
0.74345 -1.757 0.37814 1.0677 1.1207 -1.113 -0.49903 0.50811 0.80218 0.59049 -1.3146 -1.9785
           
0.50116 0.80141 -2.6345 0.17661 -1.1168 -0.35349 -0.26958 0.62043 0.51463 -0.7763 0.023607 -1.538
0.51005 0.54797 -2.3962 0.28781 -0.90861 -0.15257 -0.26998 0.83906 0.25342 -0.24371 -0.40838 -0.70672
0.46474 0.54974 -2.2772 -0.063291 -0.11234 -0.59551 -0.047359 0.48225 -0.079606 0.16011 -0.21875 -0.24335
0.45394 0.54009 -2.5953 -0.18579 0.21666 -0.58127 -0.1618 0.13357 -0.65002 0.27325 0.14206 0.13424
0.64867 0.36589 -2.9642 0.1454 -0.18165 0.33315 -0.70152 0.33421 -1.0342 0.3495 0.19982 0.19827
0.58695 0.071913 -2.8286 0.53871 -0.51229 0.80029 -0.97907 0.10035 -0.7588 0.51079 0.3795 0.55423
0.51484 -0.087386 -2.7071 0.91515 -1.0054 0.88606 -1.3656 -0.89259 -0.038062 0.39835 0.29507 0.60695
0.62866 -0.37929 -1.9374 0.27218 -0.1361 0.52656 -1.7644 -0.99761 0.18816 0.40804 0.40401 0.42495
0.32597 -0.20366 -1.8635 0.86952 -0.5055 0.72308 -2.2932 -0.71714 -0.10227 1.0147 0.17392 0.33213
0.35673 -0.25899 -1.6659 1.1744 -0.53142 0.76723 -2.5748 -0.42861 -0.30957 1.5005 -0.066753 0.081784
0.74691 -0.64377 -0.96318 0.75787 0.21336 0.20407 -2.4093 -0.25876 -0.083805 1.1619 0.50259 -0.88062
1.3005 -1.2485 -0.077446 0.06564 0.82449 -0.45623 -1.8231 -0.70764 0.56111 0.5975 0.66823 -1.5813
1.4006 -1.5569 0.40032 0.062874 0.83983 -0.73021 -1.7168 -0.73395 0.99755 0.12024 0.40932 -1.6929
0.9722 -1.378 0.32531 0.82812 0.50986 -0.6088 -1.6966 -0.28405 1.0141 -0.24456 0.17988 -1.4509
0.93699 -1.4175 0.49276 1.1517 0.45482 -0.55837 -1.4651 -0.050538 1.2046 -0.43865 -0.12301 -1.4156
           
1.2314 -0.29442 -1.7411 0.29607 -0.50032 -0.21323 0.35444 0.039612 0.45511 0.17663 -0.47209 0.44848
1.0578 -0.3066 -1.5567 0.069754 -0.21384 0.057259 0.094187 -0.012695 0.12701 0.46416 -0.25132 0.71229
0.76427 -0.099955 -1.3286 0.11335 -0.35568 0.011839 -0.13134 -0.79887 0.5658 -0.26781 -0.031694 1.0597
0.39863 0.1482 -1.6285 0.39527 -0.78422 0.2103 -0.41934 -1.1666 0.6056 -0.90425 0.53053 0.74184
0.27329 0.27553 -1.7779 0.54027 -0.8845 0.32909 -0.71534 -1.4748 0.63152 -0.90663 0.75917 0.47483
0.51517 0.26392 -1.7763 0.41631 -0.51634 -0.027411 -0.81116 -2.1743 1.0424 -0.83659 0.94266 -0.035547
0.77582 0.11729 -1.6237 0.5313 -0.12748 -0.25973 -0.9059 -2.4566 1.2775 -0.45633 0.58166 -0.0715
0.61617 0.13119 -1.849 1.5165 -0.57657 0.43967 -1.5071 -1.1128 0.19896 0.74006 -0.45129 0.11036
0.68336 -0.10039 -1.7689 2.0781 -0.69616 0.79391 -1.7331 -0.30219 -0.22805 1.2897 -1.0735 0.021394
1.0148 -0.49177 -1.1572 1.8451 0.053379 0.18771 -1.0018 -0.45504 0.15381 0.89625 -1.1741 -0.44477
0.63421 -0.14644 -1.1676 2.3983 -0.23328 0.54376 -1.3693 0.40494 -0.30716 0.82256 -1.3766 -0.61444
0.50786 0.0082828 -0.93913 2.6712 -0.46165 0.58377 -1.3547 0.75433 -0.33944 0.61977 -1.4568 -0.66343
0.4388 0.12216 -0.74945 2.7373 -0.3304 0.39897 -1.399 1.1723 -0.42892 0.31942 -1.4142 -0.89192
0.3817 0.28229 -0.74375 2.6258 -0.2315 0.31454 -1.7866 1.2893 -0.48207 0.19458 -1.4717 -1.4591
0.034005 0.78077 -0.53825 2.4004 -0.51941 0.57722 -1.8982 0.6984 -0.33491 0.36203 -1.6224 -1.7975
           
1.3372 -0.33904 -2.2117 0.61881 -0.47859 -0.22135 -0.61732 -0.24676 -0.47566 0.37301 -0.27811 0.71453
0.82514 0.01695 -2.5694 0.95099 -0.2162 -1.0528 0.008448 -1.2205 0.010944 -0.42594 0.095515 0.39591
0.81428 -0.071195 -2.2536 0.56819 -0.12682 -0.60563 -0.38959 -1.8083 0.30061 -0.29633 0.07192 0.12391
1.2146 -0.51329 -1.3314 -0.40661 0.35514 0.58817 -1.4677 -1.5551 0.028259 0.80289 -0.35294 0.13126
0.79397 -0.4679 -1.1033 -0.36946 0.42206 0.81662 -1.4898 -1.4946 -0.23886 1.3049 -0.76464 -0.12908
0.27895 -0.21156 -1.1384 0.18342 -0.21243 1.5023 -1.611 -1.0535 -0.87399 1.9976 -1.0089 -0.51356
-0.07132 0.044127 -1.1616 0.59864 -0.70513 2.2507 -1.9498 -0.49483 -1.2942 2.3794 -1.1315 -1.0814
0.52334 -0.54642 -0.43783 0.1058 0.076628 1.5382 -1.1726 -0.82051 -0.53623 1.857 -0.57655 -1.91
1.18 -1.0865 0.28954 -0.35899 0.5733 0.65481 -0.66123 -1.0626 -0.020991 1.3892 -0.30497 -2.6419
1.1376 -1.1416 0.51529 -0.26598 0.47103 0.42871 -0.58272 -0.96419 0.034041 1.0062 -0.13923 -2.9915
           
1.0391 0.50949 -2.0188 0.39948 -1.7276 0.735 -1.217 0.44188 0.10386 -0.44374 -0.56042 0.25413
1.378 0.22075 -2.4237 0.79973 -1.5093 0.60499 -1.2216 1.126 -0.84083 0.5891 -0.33147 0.48127
1.874 -0.7005 -2.1444 0.24506 -0.46228 0.26696 -0.35767 0.32932 -0.20294 0.62234 0.19651 0.33431
1.2187 -0.54317 -2.1727 0.25707 -0.61262 0.33916 -0.67183 -0.67037 0.19611 0.45428 -0.48769 0.49732
1.0767 -0.60859 -1.7993 -0.028445 -0.21548 0.085861 -0.924 -1.2567 0.52741 0.14101 -0.30697 0.67278
0.94767 -0.54032 -1.4923 -0.057347 0.019128 -0.28676 -0.96132 -1.9455 0.76464 0.034415 -0.10381 0.84233
0.62978 -0.36535 -1.5508 0.3515 -0.38191 -0.057939 -1.2009 -2.3322 0.93139 0.109 0.012542 0.6336
0.5597 -0.28372 -1.66 0.83603 -0.64291 0.17224 -1.5831 -1.9506 0.63242 0.43318 -0.32375 0.36079
0.50755 -0.18785 -1.5916 1.4303 -0.96966 0.64728 -2.0958 -1.1102 -0.070934 0.92139 -0.75767 0.34481
0.65457 -0.38247 -1.1186 1.5777 -0.83714 0.90153 -2.17 -0.53181 -0.38283 0.95793 -0.5822 0.081438
1.0858 -0.87949 -0.47717 1.0373 0.0091525 0.24373 -1.4679 -0.56654 0.15043 0.24487 0.14025 -0.63801
0.46101 -0.3896 -0.67195 1.8725 -0.6225 0.87281 -1.9896 0.25484 -0.27856 0.42468 -0.22529 -0.65914
-0.1116 0.050519 -0.79718 2.4208 -1.1603 1.286 -2.4086 0.74994 -0.5494 0.61618 -0.70325 -0.63236
0.26722 -0.31093 -0.37369 2.1467 -0.71615 1.0305 -1.9787 0.58358 -0.078519 0.15582 -0.3982 -1.006
0.49324 -0.50896 -0.05086 2.2087 -0.60296 0.79454 -1.5651 0.37529 0.23111 -0.14804 -0.63105 -0.9614
           
0.83764 -0.046028 -2.3527 0.41441 -1.9542 -1.0851 1.3626 -1.0104 2.0355 -1.8651 0.12423 -2.2073
0.60736 0.13286 -2.8725 1.1254 -2.598 -0.2002 0.56671 -0.12453 1.1839 -1.7882 -0.47348 -1.8259
0.65747 0.0016103 -2.6447 0.77034 -2.1974 0.17267 0.20521 0.023974 0.78853 -1.2733 -0.50799 -0.67773
0.87313 -0.21159 -2.4081 0.39918 -1.5886 0.31887 -0.10249 0.20948 0.23644 -0.45659 -0.25065 0.16458
1.1655 -0.59096 -2.4963 0.41382 -0.96454 0.22364 -0.046598 0.48478 -0.30021 0.17519 -0.099658 0.32343
1.2638 -0.91509 -2.4501 0.68736 -0.59665 -0.59998 0.57973 -0.25944 0.0037929 0.39242 0.064108 0.48175
1.5488 -1.2992 -2.104 0.46006 -0.37115 -0.84824 0.68144 -1.1963 0.3882 0.66115 -0.01383 0.61046
1.269 -1.191 -1.9786 0.49516 -0.67018 -0.012724 -0.56002 -1.2651 0.35828 0.92199 -0.26655 0.81464
0.93757 -0.95264 -1.7122 0.5443 -0.59864 0.25061 -1.5249 -1.3409 0.5132 0.83812 -0.25131 0.8214
0.72127 -0.79345 -1.569 1.0528 -0.84357 0.38634 -1.5113 -1.2671 0.32372 1.0979 -0.44893 0.68461
0.88127 -0.95234 -1.1605 1.0987 -0.78222 0.69655 -1.6242 -1.0092 0.23037 1.0215 -0.50579 0.32961
1.0327 -1.2003 -0.81379 1.5301 -0.80975 0.90424 -1.613 -0.46541 0.22031 0.48835 -0.21988 0.2203
1.168 -1.4831 -0.2675 1.5707 -0.33758 0.27345 -1.1289 -0.39427 0.61333 -0.18623 -0.11081 -0.089068
0.63611 -1.0273 -0.40952 2.0444 -1.0092 1.1916 -1.4183 -0.039191 0.19535 0.46856 -0.5556 -0.17955
           
0.85498 0.8103 -2.3815 0.68797 -0.75759 -2.4508 1.3657 -0.36157 0.98387 -1.6987 -0.6163 -1.3062
0.71963 1.105 -2.4524 0.60317 -0.25726 -1.8007 1.667 -0.20746 0.5291 -1.5393 -0.58687 -0.89001
1.067 0.33536 -3.016 0.96979 -0.48507 -1.6174 1.2199 -0.1167 0.33729 -0.91894 -0.44486 -0.38283
0.7934 0.33254 -3.1575 1.1308 -0.68498 -1.4341 0.92727 -0.40412 0.25832 -1.5175 -0.12229 -0.53783
0.73119 0.24757 -3.0216 1.1574 -0.53022 -1.3321 0.62199 -0.4422 0.0054187 -1.3248 -0.26666 -0.040644
1.1387 -0.16688 -2.724 0.92212 0.017517 -1.5181 0.57239 -0.7227 0.0064996 -0.86302 -0.30488 0.51982
1.1534 -0.13595 -3.0166 1.265 -0.35826 -0.68879 -0.26938 -0.58561 -0.41997 -0.32032 -0.10201 0.47799
0.95043 -0.12049 -3.1194 1.5104 -0.72825 -0.17713 -0.8168 -0.90247 -0.22299 -0.056486 -0.051475 -0.055047
1.303 -0.64076 -2.3242 1.1747 0.078608 -0.72153 -0.41581 -1.4478 0.27621 0.51773 -0.089596 0.19104
1.2363 -0.91348 -1.732 1.0063 0.42087 -0.93749 -0.13046 -1.7507 0.59031 0.70634 -0.29824 0.19562
0.55621 -0.64824 -1.6617 1.3543 -0.089971 -0.29096 -1.078 -0.99664 0.36711 0.34645 -0.49324 -0.12957
0.3198 -0.52658 -1.4028 1.5496 -0.25152 -0.16514 -1.473 -0.70997 0.28736 0.16543 -0.53371 -0.2888
0.1766 -0.45068 -1.267 1.7781 -0.56728 0.43897 -1.9705 -0.17494 -0.10389 0.42725 -0.66365 -0.48156
1.1157 -1.4285 -0.31034 0.93186 0.365 0.32226 -1.2939 -0.37099 0.70763 0.0016711 0.38671 -1.3435
0.94785 -1.4398 -0.042986 1.0095 0.29182 0.48666 -1.1182 -0.32273 0.97101 0.23073 0.24283 -1.3942
0.48991 -1.2805 0.019602 1.4125 0.038993 0.51883 -0.88448 0.07468 0.93206 0.27589 -0.098976 -1.3823
-0.031537 -0.84325 -0.25727 2.0286 -0.48546 0.88306 -1.1047 0.64263 0.5351 0.31913 -0.55932 -1.4025
-0.067401 -0.83144 -0.093402 2.0794 -0.4514 0.7116 -0.92333 0.63494 0.63996 0.20152 -0.88335 -1.5978
           
1.6176 -0.48595 -2.8586 0.97207 -0.91896 -0.8826 0.96072 0.13263 0.2616 -0.47198 -0.14037 0.068242
1.5226 -0.62864 -2.8011 0.84619 -0.57382 -0.75741 0.91653 -0.10191 0.01735 -0.15513 0.13305 0.3393
1.7827 -0.86704 -2.8478 1.0759 -0.22783 -0.89739 0.74028 -0.30146 -0.052847 0.18939 0.24328 0.49549
1.618 -0.91103 -2.703 1.1033 -0.55021 -0.48534 0.18222 -0.82435 -0.0056178 0.5712 0.17736 0.52542
1.3041 -0.84877 -2.112 0.70806 -0.41365 -0.34049 -0.18291 -1.646 0.5405 0.59268 -0.01313 0.74767
0.93991 -0.60126 -1.7485 0.75011 -0.29695 -0.23031 -0.70162 -1.8043 0.64621 0.6689 0.061726 0.80028
0.77113 -0.50628 -1.5472 1.0936 -0.59211 0.13679 -1.2439 -1.3712 0.35079 1.0256 -0.20383 0.58125
0.63923 -0.72141 -1.2315 1.5294 -0.88223 0.79796 -1.8917 -0.42945 0.046108 1.2047 -0.18016 0.45515
0.76215 -1.0293 -0.93129 1.6836 -0.82317 1.0558 -1.821 -0.1363 0.18244 0.91598 0.088143 0.31976
1.2373 -1.58 -0.25875 1.1633 -0.12218 0.48875 -1.0157 -0.58966 0.96286 0.36901 0.36983 -0.10108
1.0048 -1.4783 -0.10187 1.4088 -0.1469 0.44711 -0.97976 -0.31449 0.99398 0.34664 0.16043 -0.30321
0.86397 -1.4159 -0.07728 1.7286 -0.14286 0.25812 -0.90503 0.026528 0.99331 0.19935 0.020693 -0.37495
0.68254 -1.2971 -0.12511 2.0069 -0.33206 0.34895 -0.92769 0.154 0.95927 0.35261 -0.31281 -0.54878
0.22667 -0.94958 -0.28067 2.4203 -0.87949 0.80032 -1.1643 0.53801 0.4937 0.55576 -0.56158 -0.74722
0.27431 -1.0442 0.0094244 2.2351 -0.77073 0.68137 -0.82787 0.45835 0.5822 0.27727 -0.33535 -1.1574
           
0.7066 0.28774 -2.6857 0.99763 -1.4469 -1.8616 1.4844 -0.40467 1.9996 -1.7799 1.0167 -1.9225
0.51153 0.18446 -2.7804 1.0565 -1.6838 -1.2715 1.2553 -0.34223 1.7331 -1.951 0.87297 -1.7896
0.4145 0.14834 -2.9206 1.0992 -1.379 -1.2289 1.1417 -0.19979 1.189 -1.7206 0.63844 -1.2066
-0.13759 0.49908 -2.925 0.94733 -1.0132 -0.9427 0.48744 0.097124 0.18683 -0.92885 0.38411 -0.36385
-0.048999 -0.10508 -2.3861 0.8924 -0.94069 -0.50767 0.65272 -0.49005 0.67789 -0.62294 0.64236 0.36163
0.56714 -0.7089 -1.7351 0.3286 -0.58621 0.3944 -0.448 -0.46331 0.59124 0.1398 -0.15426 1.1249
0.99807 -1.0894 -1.2638 -0.39141 0.34515 0.28389 -0.8704 -0.60331 0.56358 0.22657 0.12319 0.60923
0.93684 -1.0659 -1.5465 -0.020345 0.25391 0.56941 -1.2991 -0.53491 0.28382 0.21678 0.19441 0.048614
0.95756 -1.2414 -1.2847 0.25753 0.25932 0.75843 -1.7074 -0.31674 0.2987 -0.020993 0.45239 -0.39998
0.2242 -0.78114 -1.3111 1.1711 -0.697 1.4646 -2.1793 0.20563 -0.29446 0.427 0.086421 -0.35066
0.7469 -1.5005 -0.32854 0.61042 0.13025 0.56236 -1.2633 -0.35182 0.74098 -0.1686 0.54485 -0.82154
0.59816 -1.6786 -0.025397 0.81637 0.33127 0.30892 -0.95029 0.017801 1.028 -0.36072 0.49946 -0.98187
-0.034782 -1.3705 -0.17712 1.6724 -0.22196 0.6453 -0.73142 0.70796 0.70454 -0.24333 0.25832 -0.9008
-0.23051 -1.2724 -0.17307 1.9749 -0.35465 0.721 -0.54886 0.96273 0.63868 -0.15707 0.04133 -1.0323
-0.5126 -0.9974 -0.24259 2.3165 -0.59743 0.85572 -0.63815 1.282 0.3542 -0.020326 -0.18572 -1.2655
           
0.77966 0.86217 -0.88732 -0.45755 -0.76506 -0.26722 -0.53546 -0.010065 0.30172 -0.73159 1.1052 0.23151
1.1997 0.77207 -1.0765 -0.93208 -0.63316 0.17158 -0.69205 -0.20381 -0.48611 -0.031836 1.3144 0.18491
1.3956 0.60239 -1.3321 -1.0556 -0.28634 0.41048 -1.3111 -0.14786 -1.0254 0.86151 1.9408 0.064639
1.1921 0.72744 -1.8285 -0.49899 -0.39465 0.70706 -1.9305 0.30633 -1.4528 1.1036 1.5897 0.045901
1.6106 0.21176 -1.9385 -0.57572 0.13413 0.16803 -1.8564 -0.18234 -0.96799 0.8237 1.0203 -0.13188
1.3505 0.030387 -2.5368 0.31447 -0.19613 -0.29463 -1.3035 -1.1475 -0.46593 1.0741 0.34228 0.19421
1.1662 -0.030003 -2.4489 0.51206 -0.56232 -0.33048 -1.3695 -2.1277 0.326 0.83458 0.57448 -0.13888
1.1344 -0.085614 -2.1299 0.62188 -0.70581 0.38796 -2.2053 -1.4491 -0.13499 1.5272 0.24051 0.15391
1.1102 -0.28163 -1.7117 0.65525 -0.55108 0.53561 -2.0454 -0.99886 -0.28915 1.558 0.37313 -0.14115
0.69561 -0.20819 -1.792 1.5685 -1.2276 0.52353 -1.8759 -0.5654 -0.60168 1.5197 -0.027203 -0.13105
0.90618 -0.86433 -1.2156 1.3762 -0.69823 0.42263 -1.786 -0.24509 -0.11387 1.0076 0.40178 -0.45765
0.94683 -1.2044 -0.94297 1.5297 -0.48066 0.11658 -1.5796 -0.14853 0.2721 0.56418 0.35261 -0.39666
           
0.28865 -0.62827 -2.0702 0.31951 -1.1259 0.2358 -0.0619 2.2944 -0.040943 0.55456 0.44877 -0.36523
0.63644 -0.52173 -2.3458 0.50282 -0.87419 -0.14534 -0.44989 2.3358 -0.76494 0.84648 0.24113 -0.16411
0.94345 -0.97022 -2.2245 0.31374 -0.44887 -0.17051 -0.018264 1.958 -0.46806 0.77747 0.63929 0.024981
1.2092 -1.4462 -1.8922 0.077584 0.0035436 -0.46838 0.42655 1.3033 -0.10676 0.79534 0.92827 0.39464
1.6026 -2.0592 -1.1373 -0.54376 0.3848 -0.76672 0.62822 0.082397 0.376 1.3006 0.53628 0.87547
1.6816 -2.5113 -0.47301 -0.96125 0.21285 0.24844 -0.36881 -0.51656 1.5148 0.012356 1.7344 0.80606
1.0212 -1.9467 -0.76062 -0.15401 -0.16127 0.63602 -0.95975 -0.28119 1.063 0.24585 1.7077 0.89314
1.3153 -2.2624 -0.29215 -0.6144 0.37366 0.25578 -1.0091 -0.72138 1.3389 0.22268 1.687 0.21405
1.3463 -2.2707 -0.10355 -0.51248 0.54786 -0.07685 -1.0162 -0.75193 1.2362 0.34387 1.3603 -0.40037
0.94293 -1.9867 -0.030172 0.016257 0.47215 -0.15008 -1.1178 -0.44819 1.1096 0.42692 0.89939 -0.54685
0.63597 -1.7954 0.026848 0.49584 0.29294 -0.11817 -1.1954 -0.20281 1.0415 0.2825 0.74076 -0.75146
1.0982 -2.3857 0.62574 0.20514 0.52561 -0.449 -0.89172 -0.3467 1.5997 -0.24581 0.72238 -1.3835
           
1.6468 0.27171 -1.9585 0.53855 -0.60256 -0.16176 -0.69412 1.757 -1.2826 0.4243 0.36133 0.31909
1.5663 0.20573 -2.1619 0.8685 -0.90309 0.22787 -1.153 1.1073 -1.2197 0.42778 0.15243 0.95082
1.647 -0.39323 -2.0224 0.7468 -0.52022 -0.19869 -0.33344 0.10082 -0.53798 0.73805 0.39197 1.0611
1.4519 -0.32436 -1.8188 0.77967 -0.52275 -0.071885 -0.58805 -0.19457 -0.39652 0.74643 0.34536 1.3418
1.7489 -0.44271 -1.1161 0.20969 -0.090786 -0.1736 -1.2565 -0.83383 0.1794 0.30716 0.31251 1.4309
1.4346 -0.33752 -1.0899 0.12481 0.30485 -0.22429 -1.4201 -1.0255 0.207 1.033 0.55555 0.76149
1.1861 -0.1111 -1.3645 0.82707 -0.052659 0.057754 -1.4263 -0.48854 -0.48357 1.4982 0.76571 0.24117
1.7197 -0.54972 -0.9399 0.84262 0.21949 -0.076566 -1.3872 -0.40789 -0.11911 0.90086 1.1357 -0.19784
2.0772 -0.8827 0.088543 0.45988 0.84374 -1.12 -1.5736 -0.68564 0.79692 -0.054669 0.40252 -0.60359
1.812 -0.90493 0.2102 0.63934 0.87291 -1.2711 -1.3604 -0.47046 0.55849 -0.018327 0.5884 -1.0569
           
0.46023 0.58323 -2.9089 0.9051 -0.81139 -1.6645 1.7985 -0.24548 0.73862 -1.7311 0.32158 -0.95635
0.57147 0.42742 -2.8583 0.81292 -0.875 -1.2708 1.2587 -0.21399 0.40989 -1.6974 0.31324 -0.8073
0.62732 0.4285 -2.7856 0.70943 -0.57999 -1.0531 0.64744 -0.15718 -0.12753 -1.1253 0.075333 -0.090606
1.1377 -0.024836 -2.4236 0.40586 0.30355 -1.2608 0.64387 -0.20189 -0.86302 0.30498 -0.40436 1.1546
1.4861 -0.42861 -2.1091 0.21355 0.8595 -1.5397 0.61674 -0.76324 -0.63087 0.78881 -0.32932 1.395
1.4833 -0.66151 -1.7755 0.2419 0.8534 -1.5845 0.44804 -1.4971 -0.030934 0.85019 0.013285 1.2712
1.264 -0.85084 -1.428 0.32368 0.42388 -1.3428 0.2394 -2.3807 0.95265 0.52455 0.045635 0.86562
0.80287 -0.67632 -1.3429 0.68117 0.13141 -0.94343 -0.506 -2.097 0.89111 0.36166 -0.016859 0.51521
0.54466 -0.59074 -1.4004 1.3183 -0.34115 -0.59339 -1.0691 -1.3914 0.34787 0.5737 -0.2497 0.1948
0.51961 -0.58742 -1.3064 1.7685 -0.65525 -0.33679 -1.5848 -0.77997 0.020323 0.68131 -0.43534 0.022535
0.5027 -0.61313 -1.1599 1.9827 -0.78316 -0.075639 -1.8332 -0.47385 0.038185 0.6131 -0.63212 -0.0865
0.3241 -0.57125 -1.1375 2.2095 -1.0499 0.51368 -1.9704 -0.12662 -0.062264 0.81295 -0.90741 -0.23174
           
1.2273 0.64222 -2.3232 0.13555 -1.2645 -0.7067 -0.6413 -0.4798 0.064338 -1.0877 -0.1022 -0.25655
1.3849 0.67355 -2.5461 -0.037835 -0.95634 -0.4445 -0.97045 -0.57426 -0.37555 -0.73823 -0.2769 -0.27522
1.5702 0.67787 -2.9574 0.36824 -0.93042 -0.1144 -1.4158 -0.36421 -1.1654 0.51435 -0.22141 0.31123
1.8983 -0.11592 -2.4065 0.28198 -0.6547 -0.032853 -0.90206 -1.0475 -0.46895 0.99839 0.26613 0.78385
2.3286 -0.76465 -1.9503 -0.16336 0.07165 -0.47326 -0.74442 -1.665 0.07581 1.3119 0.48589 0.87723
2.6351 -1.1354 -1.7668 -0.55527 0.84444 -0.81172 -0.82179 -1.7375 0.16552 1.4722 0.68695 0.36539
1.8179 -0.89256 -2.0034 0.15192 0.20808 -0.12729 -1.1427 -1.468 0.16075 1.6448 0.438 0.071083
1.313 -0.60548 -2.1938 0.91187 -0.41307 0.69402 -1.8735 -0.7267 -0.29984 1.8098 0.1697 -0.13786
1.7368 -1.0381 -1.5492 0.70927 0.21934 0.39633 -1.689 -0.56143 0.079871 0.98893 0.74284 -0.63115
2.117 -1.4523 -0.77196 0.66424 0.71937 -0.49236 -1.1837 -0.73305 0.68611 0.16753 0.63568 -0.92157
