-0.65943 1.3759 0.74066 -1.7016 -0.90311 -1.0759 -0.045732 1.5898 -0.45034 1.586 1.3579 -0.54325
-0.7957 0.49594 0.16992 -1.1646 -0.98367 -1.3192 0.054483 1.3063 -0.14654 1.2812 1.3591 -0.039791
-0.77696 0.19843 0.095954 -1.1062 -0.92546 -1.2512 0.16315 1.168 -0.072399 1.093 1.207 0.19802
-0.84825 0.11669 0.0076904 -1.1969 -0.77874 -0.92206 0.3492 1.2456 -0.28046 0.88277 0.95977 0.10198
-1.0321 0.1465 -0.22792 -1.1198 -0.76908 -0.51846 0.53782 1.4952 -0.73632 0.49926 0.67309 -0.17245
-0.65988 0.24671 -0.18539 -1.2066 -0.74572 -0.10543 0.6997 1.211 -1.0155 0.28696 0.52301 -0.13161
-0.46177 0.36161 -0.51463 -0.63553 -1.1056 -0.34184 0.98636 0.41045 -0.57699 -0.50046 0.68493 0.21093
-0.58301 0.55455 -0.62535 -0.68503 -0.80614 -1.0366 1.0605 0.28015 -0.77838 -0.88702 1.1772 0.17162
-0.6486 0.65704 -0.54176 -0.88006 -0.50803 -1.1324 1.0891 0.24127 -1.1398 -0.63199 1.1892 0.31724
-0.31622 0.69677 -0.50736 -0.84958 -0.39705 -1.091 0.923 0.016411 -1.3139 -0.54633 1.0823 0.68648
-0.36784 0.66852 -0.34954 -0.81642 -0.39496 -0.75583 0.88135 -0.30554 -1.3297 -0.14624 0.88412 1.0342
-0.34779 0.43959 -0.40337 -0.62031 -0.26082 -0.74852 0.91238 -0.33281 -1.359 0.025284 1.053 1.2048
-0.41613 0.22136 -0.57429 -0.25434 -0.34932 -0.35935 0.8851 -0.25965 -1.3327 0.045451 1.0099 1.0255
-0.51236 0.040458 -0.64079 -0.064714 -0.44059 0.023521 0.88265 -0.49115 -1.1765 -0.17046 0.9269 0.6973
-0.4899 -0.16958 -0.60886 0.21026 -0.34854 -0.032918 1.063 -0.77818 -0.97256 -0.5336 0.84643 0.65414
-0.54949 0.13142 -0.59275 0.39563 -0.10744 -0.38383 1.0825 -0.98295 -1.0585 -0.82819 0.84934 0.3953
-0.7003 0.41315 -0.49314 0.61515 -0.11279 -0.48922 1.0568 -1.4199 -0.94455 -0.49773 0.9403 -0.018331
-0.76457 0.60314 -0.55042 0.91378 -0.082584 -0.76895 0.95241 -1.5259 -1.0822 0.24519 0.67834 -0.33165
-0.85911 0.40975 -0.29712 0.9989 -0.06391 -0.84627 0.90875 -1.6143 -0.83907 0.43549 0.58604 -0.58077
-0.97953 0.25529 -0.23791 1.0306 -0.068605 -0.7343 0.85832 -1.4956 -0.81629 0.58457 0.38193 -0.93368
-1.0674 0.47063 -0.39929 1.0923 -0.05159 -0.82439 0.6876 -1.2847 -1.0923 0.84797 -0.043698 -1.4612
           
-0.75331 1.1181 -0.68904 -0.99959 -0.20696 -2.6626 1.5063 0.28773 0.24443 1.0201 -0.096044 -0.078415
-0.77543 0.84119 -0.87579 -0.96632 -0.14917 -2.5283 1.5551 0.51429 0.22671 0.89864 -0.37703 -0.021371
-0.82228 0.80059 -0.93231 -0.81519 -0.26258 -2.0898 1.5121 0.43769 0.1546 0.54 -0.50815 -0.019346
-0.97216 0.96708 -1.2298 -0.60652 -0.5791 -1.478 1.5162 0.14429 -0.14321 0.24171 -0.29122 -0.059705
-1.0063 0.95199 -1.287 -0.60274 -0.7974 -0.99342 1.609 -0.23279 -0.37146 -0.061039 0.053185 -0.07728
-1.0489 0.81356 -1.3335 -0.45745 -0.97213 -0.53663 1.7232 -0.3554 -0.60314 -0.32054 0.17436 -0.025134
-1.1189 0.81149 -1.616 -0.022752 -1.0944 -0.27553 1.5999 -0.17185 -0.97962 -0.18461 0.35953 0.24342
-1.1544 0.98818 -1.6337 0.28969 -1.2315 -0.18867 1.5348 -0.28645 -1.2379 0.091404 0.77852 0.50541
-1.1691 0.56073 -1.244 0.009932 -0.50145 -0.45178 1.3333 -0.4184 -0.93093 0.44911 1.4821 0.85164
-1.519 0.11013 -1.4077 0.01694 0.15765 -0.11453 1.994 0.17193 -0.91582 0.3935 1.6118 0.83063
-0.95619 0.8179 -0.99546 0.090247 0.38675 -0.88797 1.5684 -0.51887 -1.627 -0.37362 1.3187 0.76294
-0.75828 1.3134 -0.6617 0.15797 0.30198 -0.98408 0.73159 -1.0673 -1.6354 -0.053399 1.2624 0.55832
-0.90566 1.6772 -0.36893 0.043089 0.36035 -0.64342 0.33828 -1.363 -1.6084 0.31686 1.2281 0.0077019
-1.0986 2.1561 -0.012375 0.1197 0.50994 -0.50073 0.13856 -1.5484 -1.5992 0.44526 1.0892 -0.097301
-1.0546 1.941 0.036815 0.48004 0.2679 -0.76062 0.46425 -1.5817 -1.2527 0.39307 1.1425 -0.55041
-1.0891 1.6991 0.01332 1.0646 0.11907 -1.0761 0.692 -1.4195 -0.8249 0.31037 0.82589 -0.89572
-1.2496 1.6263 0.18579 1.2398 0.033266 -0.97901 0.79693 -1.4177 -0.47153 0.39775 0.33754 -1.225
-1.345 1.68 0.39082 1.0629 0.16159 -0.8434 0.63904 -1.5137 -0.24073 0.57802 -0.16784 -1.446
-1.33 1.6252 0.48549 1.1146 0.2521 -1.162 0.50203 -1.5478 -0.057151 0.36516 -0.29436 -1.8091
           
-0.66954 0.41696 -0.34992 -1.0137 -0.80966 -1.8463 -0.51546 1.2832 0.44767 1.0915 0.037 -0.46043
-0.48292 -0.051409 -0.4774 -1.2852 -0.26874 -1.8321 0.012519 1.3306 0.52457 0.68372 -0.037039 -0.63072
-0.5346 -0.38458 -0.61816 -1.2489 -0.038154 -1.6289 0.28699 1.1697 0.65306 0.15892 -0.31209 -0.64392
-0.8238 -0.38537 -0.77103 -1.0116 -0.29434 -1.0552 0.3849 0.88493 0.79094 -0.4475 -0.32855 -0.62937
-0.6791 -0.39949 -0.84852 -0.93191 -0.196 -0.85635 0.44017 0.5541 0.5951 -0.93456 -0.22048 -0.36674
-0.34674 -0.60734 -0.85925 -0.89164 -0.083079 -0.57825 0.75173 -0.031155 0.41353 -1.0494 -0.70699 0.096287
-0.36951 -0.63995 -0.73776 -0.66426 -0.18994 -0.47675 0.92217 -0.71623 0.33815 -0.75989 -0.81592 0.69094
-0.81823 -0.317 -0.72009 -0.074423 -0.28579 -0.52309 1.0748 -0.921 -0.27372 -0.56059 -0.59567 1.11
-0.97265 -0.26808 -0.62613 0.19281 -0.053501 -0.43975 1.2169 -1.1293 -0.47517 -0.52526 -0.32795 0.94701
-0.97281 -0.28029 -0.46881 0.42286 0.14656 -0.38835 1.0832 -1.1281 -0.57132 -0.15092 -0.098713 0.79018
-0.95097 -0.25757 -0.24506 0.60179 0.16258 -0.23625 0.83158 -0.85885 -0.83221 0.3301 -0.022328 0.55615
-1.2766 -0.14911 -0.068288 0.80626 0.16652 -0.24896 0.89468 -0.69756 -0.73906 0.25649 0.091932 -0.060839
-1.5471 -0.03369 0.064237 0.81806 0.26731 -0.41078 0.91176 -0.80896 -0.45136 0.21874 0.16034 -0.83463
-1.8137 0.097821 0.42255 0.86812 0.0096831 -0.1861 0.58716 -0.83093 -0.38309 0.55267 0.080384 -1.199
           
-0.088247 0.42877 -0.66827 -0.51493 -0.79281 -2.2564 0.23101 0.52647 1.1035 -1.0043 0.21071 -0.76714
-0.25455 0.45373 -0.83041 -0.27334 -0.87287 -1.8938 0.27751 0.60043 0.8062 -1.4261 -0.21967 -0.75749
-0.23324 0.6451 -0.99414 -0.31352 -0.37741 -2.2236 0.59752 0.23258 0.54217 -1.7883 -0.38865 -0.78285
-0.25812 0.8189 -1.1773 -0.15738 -0.3079 -1.9607 0.61347 0.037081 0.15601 -2.0369 -0.29396 -0.74595
-0.10941 0.75514 -1.3028 -0.15533 -0.11934 -1.6298 0.80084 -0.18513 -0.17554 -2.384 -0.14551 -0.64695
0.0090445 0.63674 -1.2095 -0.04829 0.016719 -1.4983 0.40641 -0.24852 -0.75326 -1.8857 -0.32021 -0.0041066
-0.20345 0.84773 -1.3849 0.3544 -0.18061 -1.1497 -0.070172 -0.62384 -1.1949 -1.347 0.055905 0.47177
-0.5015 0.8466 -1.2017 0.63272 -0.50341 -0.74359 -0.12972 -0.98035 -1.2898 -0.71453 0.49599 0.7378
-0.57159 0.60342 -0.78797 0.94449 -0.5636 -0.79333 0.14557 -1.2565 -0.88371 -0.29841 1.1516 0.70718
-0.71188 0.46588 -0.39854 0.95153 -0.43548 -0.28885 -0.2145 -0.49695 -1.2923 0.44953 0.94071 0.17848
-0.83864 0.37896 -0.31349 1.2819 -0.42533 -0.23754 -0.042269 -0.42754 -0.87442 0.17769 0.79558 -0.37657
-1.0661 0.53345 -0.17609 1.5847 -0.25503 -0.76029 0.36866 -0.73987 -0.15498 -0.32643 0.84157 -1.0401
           
0.23929 1.3206 -0.6318 -1.3001 -0.5307 -3.1218 0.47263 -0.2928 0.84526 0.62971 1.0968 -0.64481
0.48649 0.88736 -1.554 -0.79391 -0.64534 -3.0311 0.59143 -0.51682 1.4131 -0.93028 0.84237 -1.4704
0.84985 -0.10591 -1.6363 -0.41144 -0.87998 -2.3337 0.74402 -0.4282 1.6954 -0.88142 -0.41139 -0.84948
0.77099 -0.8076 -1.1167 -0.95589 -0.22152 -1.9472 0.75036 0.20194 1.2063 0.31743 -1.2795 0.1668
0.50327 -0.63217 -1.213 -0.75983 -0.11914 -2.0418 0.74629 0.19783 1.0518 -0.034843 -1.2557 0.29578
0.3434 -0.21462 -1.4399 -0.52501 -0.078847 -2.0069 0.7108 -0.18015 0.4546 -0.097052 -1.0152 0.47525
-0.52679 -0.20416 -1.257 -0.47307 0.091601 -1.5295 0.66061 -0.21777 -0.23559 0.10223 -0.70245 0.94638
-0.91339 0.003215 -1.391 -0.27259 0.23089 -1.379 0.60998 -0.15963 -0.86492 -0.25531 -0.74973 0.83276
-1.1882 0.08587 -1.4706 -0.12636 0.36702 -1.146 0.71769 -0.18839 -1.2868 -0.49276 -0.73943 0.57515
-1.3284 -0.020682 -1.3679 0.019891 0.56182 -1.0318 0.72018 -0.28099 -1.4295 -0.69116 -0.47228 0.47725
-1.2443 0.30671 -1.138 0.099299 0.70374 -1.1795 0.36501 -0.52819 -1.597 -0.57847 -0.11299 0.57893
-1.0794 0.39079 -0.85417 0.26753 0.70477 -1.4042 0.077017 -0.68631 -1.525 -0.32462 0.18377 0.5405
-0.73946 0.017122 -0.60042 0.50806 0.56913 -1.4923 -0.046122 -0.61954 -1.1366 -0.14734 0.066899 0.26574
-1.2027 0.068744 -0.58107 0.83554 0.50024 -1.8922 0.10127 -0.70001 -0.77065 -0.37584 0.09386 -0.34076
           
-1.1842 0.2904 -0.24953 -1.1884 -0.61897 -2.4287 0.47255 1.8338 0.61689 2.666 1.4623 0.62857
-0.64387 -0.15063 -0.52083 -1.165 -0.37448 -2.1868 0.74112 2.055 0.75193 1.8776 1.2293 0.3952
-0.4242 -0.44011 -1.1235 -0.75789 -0.39383 -1.8999 1.1587 1.8086 0.82649 1.3259 0.84324 0.48247
-0.75931 -0.72677 -0.67936 -0.97127 -0.64995 -0.85397 0.48512 2.0298 0.7552 1.256 0.54368 0.21287
-0.78359 -0.79872 -0.62711 -1.061 -0.5804 -0.8195 0.32576 2.0521 0.39453 1.0247 0.55921 0.22098
-0.58404 -0.99826 -0.88381 -0.85067 -0.42933 -0.6216 0.6523 1.9371 0.19304 0.51797 0.51704 0.38913
-1.0793 -0.90634 -0.80464 -0.64263 -0.27637 -0.80682 0.81175 1.1918 0.34448 -0.087805 0.45048 0.89196
-1.3683 -0.8264 -0.62257 -0.44628 -0.17568 -0.71715 0.82856 0.76202 0.03956 0.0087534 0.26041 1.5306
-1.5934 -0.66072 -0.6187 -0.16818 -0.17627 -0.45034 0.61364 0.45733 -0.4666 0.49898 -0.15789 1.9926
-1.6234 -0.53629 -0.83034 0.0058927 0.031805 -0.58571 0.3342 0.23379 -1.0166 0.79924 0.02602 1.7762
-1.3257 -0.29833 -0.65775 -0.07176 0.14035 -0.79895 -0.035995 -0.1392 -1.3969 1.0083 0.73288 1.6022
-1.3789 0.032281 -0.42192 0.10759 -0.10242 -0.97881 -0.32743 -0.48068 -1.4018 1.3401 1.553 1.3979
-1.7452 0.073648 -0.25504 0.43343 -0.15721 -1.0887 -0.21842 -0.49143 -1.0927 1.5615 1.4746 1.0854
-2.0866 -0.023091 -0.14118 0.72201 -0.15022 -0.90575 0.14433 -0.35775 -0.88313 1.3988 0.98861 0.39863
-2.2706 -0.1106 -0.010475 0.89946 -0.096266 -0.84947 0.359 -0.40004 -0.66873 1.295 0.43483 -0.052464
           
-0.58019 1.5206 -0.39754 -1.4119 -0.41596 -1.8041 0.7894 -0.032772 -0.21288 1.2491 -0.52141 0.11943
-0.63477 1.5432 -0.58149 -1.2219 -0.28564 -1.4421 0.6923 -0.14894 -0.037172 0.86155 -0.75971 0.31898
-0.71364 1.6533 -0.82522 -1.1185 -0.27111 -1.0955 0.68381 -0.39818 -0.30752 0.66989 -0.96799 0.33503
-0.71214 1.4803 -1.0433 -1.0682 -0.035883 -1.0712 0.72215 -0.5442 -0.68088 0.35909 -1.2365 0.33385
-0.68121 1.2393 -1.2834 -0.81127 0.23429 -1.42 0.78416 -0.68078 -0.93355 -0.054922 -1.3793 0.55003
-0.47844 1.0297 -1.3319 -0.47731 0.3584 -1.8515 0.8974 -0.87244 -1.1291 -0.37626 -1.0169 1.059
-0.43718 1.0012 -0.89935 -0.22703 0.33707 -1.8714 0.83027 -0.999 -1.2229 -0.40081 -0.4248 1.6231
-0.53465 1.0225 -0.69199 -0.029094 0.46675 -1.9254 0.89479 -1.1226 -1.451 -0.43916 0.017048 1.6213
-0.65101 0.98056 -0.60949 0.2428 0.65764 -1.8076 0.99967 -1.0734 -1.5667 -0.68667 -0.037143 1.3654
-0.72581 0.94424 -0.34125 0.71371 0.63193 -1.755 0.822 -1.0757 -1.4287 -0.74751 -0.13515 1.2715
-0.7002 0.98891 -0.15422 0.96894 0.52429 -1.9123 0.71258 -1.2395 -1.3134 -0.67135 0.056088 0.89122
-0.60778 0.89623 -0.048045 0.90458 0.56727 -1.996 0.83005 -1.5592 -1.0696 -0.75428 0.48343 0.44136
-0.66199 0.94133 0.027958 1.0676 0.52241 -2.1661 0.98121 -1.6518 -0.90392 -0.93462 0.80251 0.14974
-1.07 0.8832 0.039802 1.2183 0.75062 -2.148 0.84799 -1.2157 -0.91257 -0.12676 0.2827 0.026897
-1.2541 0.84034 -0.022117 1.3254 0.893 -2.1304 0.85569 -1.1518 -0.72641 0.44255 0.12798 -0.2087
-1.3526 0.76117 0.0684 1.4366 0.99954 -1.9703 1.0709 -0.97144 -0.42387 0.7912 0.057567 -0.49037
-1.447 0.75307 0.22779 1.6442 1.0168 -1.8786 1.1646 -0.67037 -0.26724 0.88656 -0.013253 -0.67104
-1.4605 0.57078 0.34435 1.7051 1.1025 -1.7948 1.3835 -0.42874 -0.0092604 0.86543 -0.18393 -0.95732
-1.4757 0.36796 0.40618 1.7411 1.1597 -1.6135 1.6045 -0.20921 0.22713 0.90132 -0.47973 -1.2634
-1.5449 0.25967 0.41821 1.8795 1.1241 -1.4248 1.66 -0.0228 0.36294 0.97004 -0.82328 -1.4108
           
-0.15143 0.70308 -0.30118 -1.4805 0.028633 -2.3649 -0.81677 1.3679 -0.34456 1.27 -1.0013 -0.6768
-0.42981 0.47347 -0.49298 -1.4249 0.22528 -2.1145 -0.6366 1.7038 -0.51305 1.0128 -1.4918 -0.68637
-0.57626 0.37386 -0.64854 -1.3318 0.30477 -1.7741 -0.35582 1.7002 -0.69066 0.66231 -1.8074 -0.58683
-0.71044 0.19252 -0.81993 -1.2636 0.35062 -1.4354 -0.11471 1.519 -0.88978 0.40214 -2.0141 -0.63139
-0.61993 0.088468 -0.88883 -1.2243 0.61855 -1.3039 0.0084426 1.3734 -1.2981 -0.03495 -2.1688 -0.53149
-0.37957 0.06327 -0.95672 -1.1448 0.96 -1.2589 -0.02953 1.0585 -1.7881 -0.53391 -2.2159 -0.19764
-0.084695 0.19134 -0.83366 -1.1341 1.0973 -1.2947 -0.060023 0.56659 -2.0945 -0.51218 -1.3934 0.18775
-0.10863 0.34555 -0.73637 -0.68989 1.1001 -1.26 -0.079247 0.22128 -2.2082 -0.54837 -0.84556 0.66036
-0.14317 0.27305 -0.76131 -0.43033 1.3296 -1.218 0.13547 0.15416 -2.2774 -0.70755 -0.98688 0.60524
-0.1948 0.36816 -0.69791 -0.19767 1.638 -1.4113 0.25297 -0.048068 -2.1546 -0.37446 -1.0314 0.34716
-0.30345 0.41766 -0.53321 0.29069 1.6597 -1.5213 0.23003 -0.09223 -1.786 -0.025576 -0.95173 0.22632
-0.4603 0.21836 -0.54878 0.57291 1.4917 -1.4185 0.29165 0.08251 -1.5291 0.036669 -0.99555 -0.31082
-0.60522 0.2339 -0.35334 0.70587 1.4585 -1.6425 0.13416 -0.01697 -1.2655 0.14205 -0.83809 -0.70706
-0.78475 0.45572 -0.10691 0.76186 1.4562 -1.8181 -0.017923 -0.14549 -1.3087 0.46046 -0.72842 -0.79808
           
-0.76829 0.41724 -0.80801 -0.64062 -0.54235 -1.6 1.6893 -0.24184 1.0378 -1.3299 1.2926 -0.085754
-0.69187 0.40327 -0.77471 -0.47331 -0.42897 -1.5766 1.6355 -0.45653 0.89289 -1.3374 1.1978 0.38178
-0.832 0.65768 -0.85972 -0.2138 -0.38855 -1.2933 1.4759 -0.65925 0.41626 -1.2401 1.1255 0.63408
-1.0219 0.71968 -1.0853 0.076085 -0.42483 -1.1763 1.4498 -0.82594 -0.20095 -1.4151 1.0566 0.64622
-1.1655 0.66903 -0.98379 0.20445 -0.52561 -1.0075 1.35 -1.0827 -0.53991 -1.2163 0.9057 0.94013
-1.3182 0.85954 -0.75966 0.34816 -0.51974 -1.1678 1.1309 -1.1864 -0.82757 -1.012 1.2222 1.1081
-1.5527 1.0084 -0.50991 0.62484 -0.41161 -1.5401 0.78833 -1.2513 -0.73569 -0.80302 1.6322 0.75611
           
0.64521 1.6053 0.035079 -2.4006 0.38142 -2.5511 -1.5648 -0.022878 0.22827 1.3047 -0.5797 -1.7968
0.81813 1.3057 -0.4247 -2.1429 0.25771 -2.3431 -0.85721 -0.41809 0.11254 0.391 -0.61102 -1.7083
0.49472 0.82508 -0.49062 -1.9354 0.12453 -1.5245 -0.76503 -0.28818 0.27552 0.035752 -1.0125 -1.4775
0.4018 0.66227 -0.82961 -1.6924 0.083197 -1.107 -0.23732 -0.32539 -0.17139 -0.23793 -1.6708 -1.3479
0.33283 0.73811 -1.2901 -1.1211 -0.076429 -1.0823 0.10892 -0.11884 -1.0353 -0.44963 -2.0163 -1.1871
0.36136 0.66557 -1.0833 -1.1299 0.49156 -1.3427 0.18247 -0.069855 -1.5726 -1.0943 -1.6897 -0.70027
0.29223 0.83181 -0.97988 -0.62027 0.66812 -1.3845 0.23259 -0.30833 -1.8465 -1.5691 -1.5386 0.091754
0.27875 0.86284 -0.86517 -0.46324 1.0035 -1.4524 0.49359 -0.74198 -1.8116 -1.6893 -1.5501 0.28773
-0.076019 1.1254 -0.62003 -0.41731 1.2622 -1.4701 0.40794 -0.88475 -2.0767 -1.0392 -1.0213 0.16979
-0.60015 1.4323 -0.16873 0.047836 1.4734 -1.3869 0.24492 -0.6523 -2.1988 -0.51154 -0.71364 0.51711
-0.68115 1.3825 -0.10846 0.31869 1.765 -1.5187 0.41151 -0.60449 -1.7477 -0.14649 -0.95999 -0.0093888
-0.92853 1.2357 0.20311 0.43629 1.6496 -1.517 0.39716 -0.69033 -1.3598 0.42179 -0.73809 -0.71204
-1.3231 1.3277 0.64395 0.37644 1.4258 -0.86269 0.060548 -0.64714 -1.2139 0.91031 -0.72097 -1.0157
-1.6239 1.5206 1.0346 0.29029 1.2471 -0.37167 -0.19743 -0.63205 -0.92825 1.3981 -1.0719 -1.3008
-1.8296 1.3451 1.2818 0.69326 1.2647 -0.50738 0.085621 -0.21649 -0.39487 1.5868 -1.2305 -1.4098
-1.9646 1.2717 1.4957 0.98649 1.3116 -0.60994 0.46378 0.12829 -0.13864 1.7746 -1.326 -1.4774
-2.2112 1.1658 1.7559 1.3355 1.2168 -0.60065 0.77066 0.57402 -0.078266 1.7039 -1.0338 -1.466
           
0.21308 -1.23 -1.7488 -0.65456 -0.20462 -1.8765 0.42357 0.96578 1.2246 1.575 -1.6527 -0.63703
0.15123 -1.6053 -1.8888 -0.54398 -0.10804 -1.7121 0.49284 0.86356 1.0749 1.6869 -1.7253 -0.53317
-0.079007 -1.7788 -2.0568 -0.10931 -0.084362 -1.4052 0.77606 1.0914 0.57863 1.2506 -2.0982 -0.16773
-0.26526 -1.6355 -2.3749 0.39389 -0.085858 -1.1533 0.56802 1.1847 -0.085768 0.85847 -2.3507 -0.082052
0.058057 -2.079 -2.1607 0.40573 0.44042 -1.4846 0.60311 0.73667 -0.25347 0.64899 -2.0885 0.40325
-0.085655 -2.0723 -2.0768 0.75384 0.33199 -1.5213 0.54354 0.59815 -0.70088 0.58571 -1.5236 0.88239
-0.20081 -1.8342 -1.6044 0.83675 0.22443 -1.4412 0.47111 0.40547 -0.81932 0.62617 -0.91477 1.2365
-0.36679 -1.7161 -1.144 1.0566 0.44787 -1.5969 0.38786 0.23891 -0.66687 0.37933 -0.63038 1.3233
-0.69054 -1.9536 -1.046 1.6813 0.43693 -1.85 0.63117 0.28425 -0.53269 0.27354 -0.73569 1.0059
-0.96296 -1.837 -0.88181 2.1817 0.45902 -2.0636 0.74985 0.30101 -0.30288 0.33581 -0.83436 0.40312
-1.1089 -1.5521 -0.67277 2.258 0.66304 -2.0627 0.83794 0.17949 -0.096919 0.50513 -1.0955 -0.17938
           
-0.31735 0.9546 0.56502 -0.42636 -1.0299 -1.8352 -0.22503 0.60082 1.0157 -0.024838 -0.86622 0.57506
-0.58717 1.1565 0.36872 -0.92122 -0.96387 -1.1748 -0.018584 0.56062 0.53476 -0.22266 -0.48183 -0.027688
-0.8583 0.94764 -0.0095073 -0.88488 -0.93682 -0.83215 0.045382 0.57819 0.23654 -0.41638 -0.73838 0.05575
-0.76942 0.74043 -0.56017 -0.96703 -0.54019 -0.58446 -0.25081 0.75594 -0.32711 -0.27097 -1.2129 -0.075284
-0.77861 0.85387 -0.66224 -0.78456 -0.63115 -0.18629 -0.53407 0.98072 -0.85782 0.10408 -1.5375 0.21403
-1.0311 1.2355 -0.57734 -0.54822 -1.0876 0.407 -0.54965 0.83657 -1.509 1.0196 -1.3828 0.75494
-1.1397 1.4681 -0.65452 -0.65346 -0.86365 0.25365 -0.41513 0.27 -2.0645 1.5221 -0.64239 0.53919
-1.2253 1.8427 -0.63759 -0.88714 -0.48527 0.28111 -0.091624 -0.6515 -2.672 1.2943 -0.21569 0.28362
-1.2337 1.6648 -0.51594 -0.43155 0.18498 -0.25431 -0.16613 -0.62368 -2.7216 0.7078 -0.30944 0.49594
-1.181 1.3168 -0.66456 0.18665 0.5115 -0.98537 -0.084437 -0.71989 -2.3355 0.30431 -0.34038 0.052633
-1.1585 1.0962 -0.7785 0.51323 0.43534 -1.4376 0.038721 -1.1491 -1.8803 0.38412 0.055521 -0.57149
-1.4417 1.13 -0.36276 0.68426 0.27279 -1.2942 -0.011533 -1.3813 -1.7725 0.89211 0.15968 -0.50673
-1.7891 1.3047 0.24284 0.88987 0.15678 -1.0556 0.039854 -1.3348 -1.5464 1.3113 0.015705 -0.43179
-1.9798 1.3699 0.86051 1.1721 0.29735 -1.067 0.28402 -1.0046 -0.85256 1.6188 -0.53536 -0.58771
-2.1699 1.3555 1.0604 1.3724 0.59323 -1.0042 0.63339 -0.68723 -0.34119 1.8291 -1.1114 -0.96105
           
-0.4723 0.87647 -0.95163 -1.3775 0.18934 -1.7097 -0.39788 0.048496 -0.43448 1.0632 -1.7599 -0.52905
-0.18756 1.03 -0.96116 -1.6941 0.51201 -1.4691 0.0041363 -0.69596 -1.159 1.0233 -0.97597 -0.13259
0.019326 1.1218 -1.0293 -1.6272 1.0195 -1.8131 0.14551 -0.92052 -1.8188 0.84291 -0.85646 0.62724
0.019308 1.5052 -0.60725 -1.2462 1.0705 -1.8733 0.14048 -1.0314 -2.0082 0.68289 -0.25201 1.4082
-0.44492 1.5432 -0.45967 -0.67141 1.2559 -1.8688 0.27526 -0.81133 -1.8144 0.41999 -0.13598 1.563
-0.55148 1.3047 -0.52332 -0.1831 1.6771 -2.1731 0.83137 -0.67878 -1.6545 -0.029726 -0.52372 1.2658
-0.61837 1.2315 -0.53217 0.31839 1.7514 -2.505 0.98788 -0.80703 -1.5013 -0.46697 -0.72728 0.68712
-0.97372 1.5171 0.0098021 0.63514 1.7342 -2.4219 0.45551 -0.84979 -1.3093 -0.11618 -0.83482 0.18548
-1.4163 1.7776 0.415 0.44807 1.3298 -2.0543 0.059128 -1.2869 -1.2148 0.61049 -1.2477 -0.65089
-1.5543 1.6235 0.52908 0.59638 1.0412 -2.257 0.42394 -1.611 -1.0357 0.86428 -1.1091 -1.0326
-1.685 1.235 0.31562 1.1606 1.0719 -2.7181 0.69479 -1.4006 -0.54201 0.71369 -1.0571 -1.1863
-1.8015 1.0189 0.24723 1.4558 1.1749 -2.7923 1.0233 -1.1184 -0.064544 0.71701 -0.98052 -1.3345
-1.7852 0.89578 0.20309 1.7346 1.4132 -2.8811 1.3179 -0.75395 0.41506 0.58093 -1.1746 -1.3046
-1.8998 0.64175 0.10527 2.2307 1.1913 -2.7084 1.5635 -0.25645 0.63982 0.35832 -1.3926 -1.3456
-2.0383 0.42611 0.12574 2.5789 0.86797 -2.421 1.6738 0.040385 0.74418 0.26946 -1.575 -1.4072
           
-0.063511 1.4893 -0.32233 -0.72246 0.41456 -2.1237 1.7435 -0.2303 -0.93992 -1.0597 -0.28357 0.33465
-0.41404 1.4288 -0.64045 -0.2336 0.31347 -1.9779 1.876 -0.64475 -0.9889 -1.2695 0.38583 0.6568
-0.70765 1.3958 -1.027 0.067814 0.34026 -2.0275 1.7624 -1.0732 -1.2363 -1.0564 0.4314 0.54634
-0.87113 1.3465 -1.1431 0.34302 0.23533 -1.9133 1.5414 -1.6057 -1.2611 -0.77057 0.76072 0.14277
-1.0642 1.2358 -1.302 0.8462 0.096282 -1.628 1.815 -1.7921 -1.0696 -0.70874 1.0324 -0.46591
-1.3361 1.2102 -1.53 1.53 -0.25774 -1.1997 1.8368 -1.6849 -0.994 -0.52201 0.87408 -1.1428
-1.5956 1.2872 -1.052 1.9246 -0.53538 -1.3383 1.3268 -1.7675 -0.73325 -0.2209 0.73404 -1.6722
-1.8301 1.0508 -0.51732 2.1009 -0.39838 -1.3826 1.4194 -1.5502 -0.10365 0.031301 0.39776 -1.9595
-2.0713 0.89501 0.046242 2.429 -0.29927 -1.3024 1.5579 -1.0209 0.67568 0.13515 0.03116 -2.1069
           
-1.2137 0.69999 -0.71898 -1.1379 -0.51127 0.20302 -0.29628 1.4065 -0.6874 -0.15652 -0.58533 -0.61647
-1.0453 0.59926 -0.67042 -1.2107 -0.36515 -0.021353 -0.4784 1.0983 -0.7885 -0.20096 -0.34582 -0.39713
-0.66556 0.33014 -0.55856 -1.0797 0.080057 -0.59169 -0.52717 0.67962 -0.73364 -0.46313 0.0015588 0.18274
-0.54416 0.16168 -0.30934 -0.94914 0.5264 -1.0209 -0.43534 -0.065187 -0.54455 -0.67899 0.39094 1.2447
-0.72923 0.32412 -0.17093 -0.72807 0.55716 -0.63809 -0.42655 -0.51955 -0.60136 0.36443 0.31579 2.1118
-0.94595 0.51988 -0.45707 -0.49827 0.52239 -0.1706 -0.23993 -0.75516 -1.1113 1.5328 -0.13354 1.4606
-1.0798 0.70457 -0.41546 -0.051964 0.56541 -0.56746 -0.076337 -0.79968 -1.5597 1.6149 -0.084222 0.60344
-1.1772 0.58946 0.0018916 0.32945 0.6205 -0.89834 0.085475 -0.97951 -1.2343 1.2081 0.16628 0.18903
-1.2815 0.57958 0.26739 0.55026 0.52719 -1.1483 0.095876 -1.2238 -0.98787 1.1407 -0.015232 -0.22365
-1.5069 0.61354 0.31689 0.80231 0.48343 -1.5057 0.16618 -1.1586 -0.91961 0.89907 -0.55696 -0.62714
-1.8178 0.81762 0.51631 1.0004 0.42944 -1.7918 0.14362 -1.1002 -0.74921 0.70651 -0.9331 -1.0565
-2.0482 0.79674 0.59556 1.3427 0.53036 -2.1028 0.24304 -0.81357 -0.38415 0.50483 -0.9703 -1.3756
           
-0.90287 -0.48013 -0.76216 -1.6056 0.029004 -1.4976 -0.071144 1.5502 0.69625 1.5217 0.012489 -0.15781
-1.1685 -0.50633 -0.92549 -1.5144 0.13527 -1.1504 -0.062324 1.385 0.48009 1.219 -0.24713 0.15407
-1.1854 -0.40537 -0.91619 -1.3464 0.23686 -0.90045 -0.040961 1.0391 0.27457 0.84176 -0.29234 0.82173
-1.2231 -0.53426 -0.90149 -1.0014 0.32388 -0.73426 0.05497 0.68114 -0.017124 0.71898 -0.36007 1.5231
-1.2706 -0.70783 -0.97968 -0.7336 0.49584 -0.789 0.12819 0.53128 -0.56623 0.66519 -0.38626 1.6529
-1.4293 -0.69566 -0.99059 -0.60726 0.60694 -0.89976 0.10874 0.29553 -1.0711 0.60808 0.071567 1.3292
-1.643 -0.53425 -0.56136 -0.32514 0.36339 -0.83923 0.02673 -0.083961 -0.89549 0.74123 0.99058 1.3463
-1.8462 -0.62467 -0.15925 0.12383 0.39771 -0.77801 0.25313 -0.36825 -0.50776 0.49103 0.91187 0.88569
-2.1753 -0.70705 0.074854 0.46853 0.39108 -0.61882 0.56573 -0.57241 -0.16964 0.56899 0.5462 0.19336
-2.3731 -0.6409 0.22937 0.61893 0.4605 -0.50919 0.6823 -0.55882 -0.037145 0.86991 0.19943 -0.7096
-2.3841 -0.54472 0.35539 0.61994 0.49311 -0.50796 0.64782 -0.62287 -0.1445 1.1376 -0.26281 -1.4085
-2.5454 -0.27257 0.55383 0.78649 0.18837 -0.47395 0.69963 -0.83708 -0.1336 1.3304 -0.63748 -1.6567
-2.4293 -0.19726 0.6885 0.90213 0.1097 -0.65832 0.77433 -0.90718 0.08721 1.1658 -1.1311 -1.8404
-2.406 -0.12241 0.73279 1.1533 0.05488 -0.8672 0.88258 -0.75983 0.30052 1.0558 -1.5862 -2.1773
-2.9605 0.040473 0.67588 1.666 -0.10803 -0.8711 1.0868 -0.39696 0.44766 1.1479 -1.7863 -2.184
-3.2979 -0.044524 0.74553 1.9983 -0.038383 -0.78818 1.4839 0.064233 0.71996 1.2548 -1.9109 -1.9321
-3.3517 -0.17595 0.92473 2.2852 -0.045441 -0.66782 1.7705 0.49378 1.0357 1.042 -1.987 -1.6801
-3.6227 -0.19495 1.0428 2.5595 -0.052422 -0.56582 2.0594 0.79554 1.3369 0.89454 -2.09 -1.537
           
-0.93317 1.1287 -0.5857 -0.50806 -0.87597 -3.1743 -0.073323 0.99239 0.46707 0.82992 0.5178 -0.28488
-0.93232 1.1368 -0.62671 -0.61321 -0.84393 -2.5296 -0.31267 1.3551 -0.0093935 1.0235 -0.096026 -0.22881
-0.8126 1.0318 -0.56689 -0.90361 -0.64336 -1.8018 -0.50008 1.5905 -0.43633 1.0253 -0.77845 -0.28428
-0.65335 0.82056 -0.55936 -1.113 -0.29179 -1.47 -0.39399 1.5229 -0.44575 0.57089 -1.1329 -0.32074
-0.16276 0.92326 -0.39827 -1.2309 0.2653 -1.7064 -0.23025 1.2112 -0.66515 0.11762 -1.1487 -0.15067
0.31524 0.6932 -0.30138 -1.3099 0.52695 -1.7621 0.1101 0.42214 -0.95273 -0.54375 -0.41275 0.28597
0.12102 0.3778 -0.40164 -0.75801 0.51211 -1.6942 0.78537 -0.3162 -0.55529 -1.4245 -0.47197 0.91444
-0.6522 0.749 -0.23824 -0.12545 0.37078 -1.3022 0.41201 -0.68534 -0.94493 -0.86262 -0.85363 1.7972
-0.32672 0.8315 -0.47475 -0.067509 0.65768 -1.6985 0.60022 -1.3435 -1.3142 -0.16674 0.25245 1.8041
-0.199 0.56586 -0.75258 0.2055 0.45355 -1.4867 0.92175 -1.5109 -1.3449 0.041911 0.62847 1.1392
-0.34097 0.16707 -0.61653 0.55021 0.60737 -1.4186 1.224 -1.4233 -0.87738 -0.27273 0.51552 0.53939
-0.71843 -0.20369 -0.37039 1.1363 0.76823 -1.2021 1.5928 -0.76091 -0.19096 -0.20879 0.12563 -0.27295
-1.5447 -0.14222 0.16759 1.1015 0.77651 -0.99409 1.4819 -0.68024 0.17365 -0.027285 0.05889 -1.2543
           
-1.2255 1.0239 -0.86051 0.20319 -2.0098 -2.0793 0.54069 0.60112 1.5827 -1.7645 2.5953 -1.4739
-1.143 0.81884 -0.82488 0.010957 -1.319 -2.0786 0.86401 0.52163 1.7245 -2.3461 2.5802 -1.3422
-1.3888 0.66337 -0.93567 0.16562 -1.1394 -1.2797 0.74504 0.97368 0.81335 -2.4477 1.945 -0.69114
-1.4073 0.69802 -0.94033 0.044175 -0.91149 -0.99814 0.48689 0.9321 0.056899 -2.5575 1.5129 -0.58315
-1.4911 0.70318 -1.1648 -0.17556 -0.84114 -0.77527 0.61294 0.29017 -0.13654 -2.8739 1.607 -0.88299
-1.8149 0.59018 -1.2126 0.11367 -0.71175 -0.83632 0.53358 -0.0029616 -0.080355 -3.1851 1.4569 -0.45355
-1.7892 0.92384 -1.2373 0.30867 -0.70638 -0.78885 0.1494 -0.47008 -0.46961 -2.5956 1.6001 0.048652
-1.6485 1.5974 -1.2322 0.27463 -0.96369 -0.38892 0.033168 -1.3654 -1.5105 -0.25317 1.5828 0.52118
-1.7082 1.6299 -0.82423 0.91393 -0.60496 -0.95515 -0.032913 -0.92582 -1.6144 0.28438 1.5106 0.67903
-1.4211 1.44 -0.76636 1.0113 -0.1869 -0.57367 0.076912 -0.93856 -1.5374 0.62034 0.80871 -0.1344
-1.3492 0.86176 -0.51579 1.1442 -0.11021 -0.25414 0.33129 -0.93001 -0.92646 0.8473 0.49371 -1.1014
-1.2669 0.33161 -0.28746 1.321 0.11663 -0.54421 0.68067 -1.1361 -0.11566 0.37303 0.28549 -1.4301
           
-0.63812 0.90766 -0.087808 -0.54797 -0.4633 -2.2188 -0.048198 0.76195 1.1373 0.17193 -0.84335 -0.022551
-0.8373 0.93891 -0.30643 -0.35713 -0.68557 -1.7165 -0.35505 0.44004 1.2838 -0.23125 -1.0675 0.039357
-0.63545 1.066 -0.69988 -0.44072 -0.26454 -1.5466 -0.1552 0.42128 0.43299 -0.38786 -1.0286 -0.27838
-0.41533 1.0606 -0.81409 -0.43329 -0.14567 -1.4118 -0.094245 0.59066 -0.55722 -0.27907 -0.80883 -0.18471
-0.53691 1.1966 -0.36081 -0.63103 -0.098071 -0.87136 -0.19587 0.37485 -1.1178 -0.15808 -0.3374 0.24255
-0.89194 1.7996 0.43849 -1.2305 0.013361 -0.049703 0.019646 -1.0394 -1.563 0.83822 1.023 0.64545
-0.95493 1.8802 0.77576 -1.1366 0.34189 0.62038 0.076313 -0.94798 -1.5357 0.70366 0.50818 0.13872
-0.82621 1.5099 0.93741 -0.5341 0.87827 -0.049526 0.3262 -0.68441 -1.2664 0.11937 0.23002 -0.73764
-1.2495 1.3993 0.70343 -0.14281 0.80336 -0.5579 0.61327 -1.4867 -0.77159 0.49594 0.08802 -1.5436
-1.6054 1.5943 0.74558 0.069076 0.69214 -0.56019 0.47892 -1.7555 -0.8021 1.0679 -0.32489 -1.6473
-1.9424 1.9119 1.1891 0.54976 0.70757 -0.60675 0.40067 -1.4152 -0.66037 1.3075 -0.6297 -1.5479
-2.2463 1.8212 1.2407 1.2193 0.9561 -0.66996 0.94434 -0.53241 -0.28767 1.2953 -0.45073 -1.2242
           
-0.17823 1.3638 -0.63101 0.52215 -1.7679 -2.3578 -0.062221 0.78938 0.067729 1.2203 1.4495 0.91131
-0.18788 0.82515 -0.49358 -0.48347 -1.0092 -1.7018 0.48822 1.4755 0.34676 1.0018 0.91628 0.24051
-0.27923 0.71737 -0.68056 -0.67803 -0.79295 -1.0365 0.39145 1.7418 -0.17717 1.0683 0.46925 0.1685
-0.58876 0.57529 -0.78093 -0.73037 -0.83548 -0.31207 0.15333 1.7103 -0.31907 1.4557 0.2847 0.47632
-0.71756 0.42278 -0.85197 -0.7366 -0.62005 -0.13899 -0.042168 1.4745 -0.5574 1.4216 0.54326 0.81032
-0.61291 0.24308 -0.90553 -0.76535 -0.1728 -0.45262 -0.097024 1.1111 -0.84046 0.74525 0.81581 0.96232
-0.67351 0.3182 -0.68172 -0.74347 -0.10976 -0.52587 -0.28933 0.46545 -1.1418 1.0197 1.1458 1.573
-0.59696 0.64635 0.12431 -0.93964 -0.01167 -0.39075 -0.34304 0.014242 -1.4217 2.0158 1.7477 2.0173
-0.5742 0.98293 0.51761 -0.71133 0.047931 -0.70086 -0.35711 -0.68821 -1.7065 2.2348 1.3797 0.88514
-0.62534 1.0016 0.72443 -0.11192 0.30673 -1.368 -0.33213 -0.83451 -1.7511 1.1445 0.30172 -0.13041
-0.93231 1.4377 1.005 -0.040628 0.080742 -1.1924 -0.36031 -1.1832 -1.9738 1.1808 -0.26995 -0.74378
-0.99593 1.6929 1.4105 -0.49607 -0.22922 -0.74253 -0.72991 -2.1175 -1.8922 2.0516 -0.60138 -1.6275
-1.3374 1.6029 1.5921 -0.18672 -0.11598 -0.51544 -0.88845 -1.8568 -1.5677 2.2678 -0.76894 -1.737
-1.7642 1.753 1.8354 0.22755 -0.055873 -0.14107 -1.0077 -1.4246 -1.1091 2.4747 -1.1681 -1.4145
-1.7603 1.8569 2.2484 0.26035 0.21871 -0.11756 -0.45862 -1.1763 -1.0478 2.9163 -1.3233 -1.5094
-1.8176 1.9196 2.1022 0.22377 0.43843 -0.26018 -0.32583 -1.0928 -0.9273 2.9339 -2.071 -1.5379
           
-1.1377 0.095255 -1.6088 -0.62036 -1.1769 -1.8017 0.73121 0.62684 2.708 -0.69464 1.5094 -1.1903
-1.0727 0.085496 -1.4872 -0.58462 -0.98559 -1.6578 0.5051 0.65271 2.3991 -1.0228 1.3365 -0.85915
-1.0561 0.098991 -1.4294 -0.47585 -0.79933 -1.4333 0.43249 0.55427 1.9116 -1.2185 1.1064 -0.37629
-1.0073 -0.057341 -1.5077 -0.37261 -0.59059 -1.0911 0.47804 0.33119 1.56 -1.3971 0.48558 -0.14741
-0.96623 -0.009835 -1.3602 -0.33093 -0.42392 -0.61747 0.30889 0.23705 0.87257 -1.1935 -0.48181 0.3168
-0.96498 0.55641 -1.6456 0.17448 -0.45425 -0.53512 -0.12912 0.261 -0.38074 -0.62666 -0.8691 0.90196
-1.0036 0.7494 -2.1189 0.8132 -0.53271 -0.54119 -0.5912 0.49195 -1.4687 0.2652 -0.67493 1.3625
-1.1289 0.49598 -1.6752 1.1822 -0.38525 -0.40299 -0.52789 0.39329 -1.4926 0.4822 -0.42354 1.813
-1.3861 0.24945 -1.4569 1.4934 -0.38549 -0.16691 -0.031126 0.029213 -1.4158 0.37751 -0.66232 1.6609
-1.5139 0.051781 -1.3272 1.5612 -0.18882 -0.16356 0.37421 -0.22835 -1.272 0.31816 -0.37305 0.73038
-1.3281 -0.061815 -1.1192 1.9751 -0.16695 -0.69947 0.51366 -0.39548 -0.9436 0.14784 -0.046411 0.14077
-1.2617 -0.38202 -0.51861 1.7316 0.028931 -0.8825 0.82701 -0.8252 -0.41102 0.4173 -0.091525 -0.23392
-1.5552 -0.10507 -0.50357 1.8272 -0.1244 -0.88233 0.96799 -0.95557 -0.40811 0.42737 -0.04359 -0.72261
           
0.0063549 0.81569 -0.41516 -2.1153 -0.067706 -0.92257 -1.1906 0.97446 -0.016409 1.6569 -1.036 -1.1352
-0.027642 0.49532 -0.53873 -1.9986 0.20845 -0.73547 -1.1278 1.1058 -0.18274 1.1147 -1.3331 -0.91556
-0.23384 0.32522 -0.76792 -1.8338 0.47639 -0.71783 -1.0458 1.1197 -0.45326 0.5506 -1.3493 -0.78451
-0.42035 0.34692 -1.024 -1.3659 0.67535 -0.8292 -0.7869 0.719 -0.75421 0.33506 -1.5761 -0.024373
-0.30914 0.032055 -1.0736 -1.0215 0.81894 -0.78003 -0.54596 0.31788 -1.2429 0.46145 -1.751 0.73759
-0.30965 0.098541 -1.347 -0.89686 0.9416 -1.1205 -0.058823 -0.039909 -2.0537 0.29871 -0.88874 0.65758
-0.47562 0.56286 -0.72621 -0.79135 1.1599 -1.614 -0.21652 -0.28309 -2.3607 0.61249 -0.071831 0.94438
-0.75626 0.44421 -0.3888 -0.41476 1.1137 -1.6543 -0.2173 -0.34344 -2.1331 0.51026 0.057307 0.45102
-0.88297 0.07224 -0.28699 0.1468 1.1002 -1.8675 -0.08204 -0.29972 -1.4849 0.44654 -0.19747 -0.3086
-1.0656 -0.012414 -0.19091 1.1685 0.88835 -1.8844 0.14217 -0.21254 -0.85474 0.55081 -0.53854 -0.59858
-1.2822 0.17849 -0.050615 1.516 0.78034 -1.9676 0.17414 -0.14234 -0.78427 0.4562 -0.80704 -1.0237
-1.5188 0.21667 -0.079253 1.7622 0.60715 -2.0019 0.30897 -0.07185 -0.71553 0.41455 -1.2029 -1.3121
           
0.28873 2.0231 0.56104 -1.6793 -0.22093 -3.2452 -0.95669 0.5051 -0.37081 2.2798 0.16698 0.011268
0.30868 1.6335 -0.10054 -1.85 0.059564 -2.8007 -0.50285 0.47667 -0.21638 1.812 -0.3415 -0.56207
0.43192 0.875 -0.58272 -1.8134 0.48806 -2.6985 -0.27261 0.83208 0.0016347 1.0063 -0.9583 -0.7889
0.57755 0.64839 -0.90303 -1.7463 0.48735 -2.1917 -0.19521 0.64569 -0.1587 0.6072 -1.0111 -0.70944
0.21147 0.17427 -0.93504 -1.3475 0.0099859 -1.1909 -0.39478 1.1582 -0.4076 0.27597 -0.69226 -0.54902
-0.017125 -0.15553 -0.96277 -1.3756 0.31637 -1.0785 -0.29323 1.2748 -0.61509 -0.078265 -0.66776 -0.46016
0.056009 -0.57135 -0.78901 -1.4098 0.68961 -0.94653 -0.075334 0.6299 -0.46402 -0.52039 -0.58907 0.30325
-0.5735 -0.51892 -0.61086 -0.83391 0.55336 -0.66245 -0.16265 0.30029 -0.91145 -0.049344 -1.1493 1.638
-0.66424 -0.33744 -0.64072 -0.58995 0.65946 -0.7548 -0.37614 0.23189 -1.3314 0.075678 -1.0316 1.8113
-0.53082 -0.41563 -0.79989 -0.57947 1.0649 -1.0138 -0.32814 0.049759 -1.5066 0.17814 -0.42545 1.0155
-0.69582 -0.45154 -0.66326 -0.47911 1.2744 -1.0282 -0.097302 -0.13338 -1.5815 0.34395 0.089628 0.33255
-0.50471 -0.5354 -0.50461 0.15937 1.0801 -1.0781 -0.02828 -0.24521 -1.3602 0.38704 0.16398 0.20334
-0.55486 -0.94607 -0.24302 0.69973 0.79336 -0.82702 0.17882 -0.041215 -0.88774 0.3974 -0.23288 -0.39633
-0.81142 -0.84827 -0.0073098 0.88773 0.74101 -1.1714 0.3081 -0.04258 -0.58185 0.28998 -0.62383 -0.80329
-1.3099 -0.59843 0.14201 1.1135 0.52869 -1.3995 0.28189 -0.080168 -0.42351 0.20758 -0.81304 -1.1713
-1.5104 -0.53045 0.22139 1.1593 0.53702 -1.6102 0.3925 -0.165 -0.28505 0.20956 -1.0073 -1.3654
-1.5934 -0.42668 0.24854 1.3468 0.46673 -1.8603 0.54042 -0.25403 -0.10306 0.077602 -1.2325 -1.4539
           
-0.49469 0.71749 0.42418 -1.3087 -0.66306 -1.6536 -0.053847 1.4334 0.054464 0.99069 0.55789 0.050881
-0.51905 0.63605 0.23981 -1.3536 -0.4748 -1.7225 0.20225 1.3803 -0.15605 0.91837 0.52218 0.11493
-0.57355 0.68022 0.12019 -1.2479 -0.36172 -1.6606 0.30396 1.3232 -0.35209 0.82348 0.49657 0.42814
-0.57345 0.41751 -0.061759 -1.2228 -0.27178 -1.4595 0.46999 1.2283 -0.21178 0.4404 0.54068 0.66834
-0.73799 0.35087 -0.21417 -1.2985 -0.2057 -1.2105 0.59513 0.97974 -0.2441 0.2448 0.78731 0.88877
-0.70475 0.29272 -0.35407 -1.3249 0.055826 -1.2507 0.72709 0.48445 0.047545 -0.075096 0.83625 1.2972
-0.91572 0.62848 -0.164 -1.0596 -0.10732 -0.97051 0.75871 0.19009 0.097405 0.022613 0.95477 1.9362
-0.84353 0.69504 -0.12631 -0.95623 0.065474 -1.0609 0.52319 -0.18224 0.1971 0.44857 1.0749 2.2194
-0.80581 0.7318 -0.26354 -0.58237 0.26812 -1.4304 0.25697 -0.51338 0.03675 0.64215 0.95888 2.123
-0.79613 0.69165 -0.53745 -0.3842 0.55116 -1.5517 0.10119 -1.0875 -0.47473 0.38379 0.49838 1.7311
-0.86351 0.67911 -0.67174 -0.22927 0.75841 -1.4863 -0.12572 -1.4652 -0.91911 0.39517 0.081978 1.3568
-0.84306 0.75048 -0.61482 -0.15133 0.92257 -1.7562 -0.054423 -1.6978 -1.0682 0.48234 0.17701 0.47637
-0.75038 0.58205 -0.5547 0.10507 0.78693 -2.0262 0.12828 -1.8413 -0.89033 0.24315 0.32733 -0.39804
-0.88237 0.35257 -0.32421 0.65286 0.33135 -1.8446 0.25064 -2.0239 -0.46369 0.05125 0.26984 -0.52307
-1.164 0.26252 -0.0088979 1.0607 0.0049636 -1.7634 0.47055 -2.2035 0.054226 0.00035849 -0.16411 -0.57007
           
-0.37527 1.0587 -1.9879 -0.33391 -1.0983 -1.139 -0.68815 1.1104 0.26702 0.0050676 -0.36069 -1.5201
-0.13338 0.61493 -2.3694 -0.20533 -1.081 -0.66959 -0.7536 1.0709 0.22254 -0.080482 -0.61736 -1.4301
-0.018488 -0.17797 -1.5163 -0.76302 -0.48218 -0.45301 -0.45869 1.0728 0.0088322 0.39984 -0.89402 -0.73288
-0.086511 -0.57334 -0.89532 -1.3549 0.53784 -1.1515 -0.11111 0.45353 -0.13872 0.33329 -0.56715 0.36075
-0.47056 -0.2658 -0.71162 -0.93905 0.62237 -1.4228 -0.22108 0.10935 -0.67139 0.35308 0.021757 1.3921
-0.49932 -0.0078324 -0.40991 -0.40635 0.54127 -1.7282 -0.38205 -0.294 -0.72895 0.53206 0.6226 1.9862
-0.52086 -0.13993 -0.28153 -0.10685 0.5929 -1.676 -0.2663 -0.73691 -0.50078 0.35398 0.45389 1.6157
-0.85287 -0.27737 -0.1916 0.22336 0.58397 -1.4079 -0.1293 -1.0281 -0.45652 0.37465 0.0017723 0.86424
-1.0631 0.059802 -0.16564 0.73802 0.49436 -1.286 0.078769 -1.2409 -0.47013 0.35295 -0.28063 0.155
-1.1459 0.37436 -0.28714 1.0195 0.35529 -1.4502 0.5086 -1.5741 -0.20122 0.33034 -0.46521 -1.1438
-1.4462 0.48826 -0.25641 1.1544 0.19944 -1.6169 0.57121 -1.4936 -0.18327 0.32596 -0.74518 -1.8543
-1.7671 0.429 -0.1896 1.5949 -0.12112 -1.5438 0.76919 -1.4656 0.10807 0.13583 -0.97268 -2.0257
-2.0215 0.61301 0.13064 1.7813 -0.29269 -1.5296 0.70579 -1.3726 0.32506 -0.049781 -1.2335 -2.1068
           
-0.60312 1.8963 -0.16202 -0.91139 -1.1761 -2.6725 0.29272 0.50715 0.49541 0.69567 1.9062 -0.99755
-0.68499 2.0678 -0.60328 -0.88498 -1.1487 -1.9162 -0.015433 0.71224 -0.18422 0.95757 1.1936 -1.1575
-0.45761 1.6305 -1.0596 -0.94293 -0.57061 -1.8734 0.52825 0.75383 -0.49463 0.29427 0.65326 -1.1479
-0.2685 1.2115 -1.2278 -0.86254 -0.18443 -1.7043 0.75321 1.0529 -0.97683 -0.0038071 -0.07119 -0.64203
-0.2279 1.2392 -0.92559 -0.93863 0.0080088 -1.3444 0.63377 0.80889 -1.5726 0.047572 -0.30103 -0.025393
-0.31737 1.5383 -0.40506 -0.93747 0.21542 -1.0297 0.40999 0.50282 -2.0771 0.077424 -0.24972 0.64923
-0.37646 1.6924 -0.069493 -0.97932 0.35522 -0.64309 0.27871 0.2109 -2.4534 0.25392 -0.17988 0.89779
-0.68067 1.8095 0.18529 -0.80227 0.38186 -0.16895 0.2512 -0.095253 -2.4909 0.11839 -0.32138 0.7007
-1.0496 1.8176 0.35181 -0.22258 0.36919 -0.38922 0.19564 -0.35628 -2.3189 -0.13727 -0.5228 0.60755
-1.0309 1.4636 0.39541 0.099788 0.73269 -0.86572 0.35405 -0.78771 -2.0038 0.47385 -0.23901 0.37967
-1.0904 1.5487 0.6722 0.0077239 0.88086 -0.83593 -0.077279 -1.143 -1.8739 1.0292 -0.32821 -0.25046
-1.2664 1.5281 0.71228 0.31656 0.86875 -1.1443 0.0040032 -1.1289 -1.7269 1.1017 -0.43052 -0.65523
-1.516 1.5676 1.0374 0.39452 0.87568 -1.1239 -0.12405 -0.98333 -1.4869 1.2798 -0.79616 -0.96877
-1.7727 1.6181 1.4291 0.60662 0.89548 -1.0716 0.007601 -0.73592 -1.0855 1.7342 -1.185 -1.2536
-1.9914 1.3729 1.4905 0.92819 1.0197 -0.80882 0.60025 -0.21316 -0.58674 2.0824 -1.1469 -1.346
-2.1849 1.2072 1.5982 1.1561 1.0383 -0.51478 0.90363 0.20035 -0.26352 2.102 -1.3767 -1.4201
-2.4165 1.2562 1.8742 1.2807 0.932 -0.23841 0.90213 0.45503 -0.13853 2.0039 -1.5605 -1.3565
-2.5059 1.2378 1.9623 1.3298 0.85005 -0.24394 0.96435 0.51793 -0.074089 1.87 -1.7627 -1.3721
-2.5759 1.1772 1.9791 1.713 0.8188 -0.60959 1.1243 0.76457 0.021493 1.5103 -1.9355 -1.2863
           
0.017703 -0.18871 0.087194 -1.2689 -0.71483 -0.65137 0.64542 1.6627 -0.33153 -0.25715 0.083568 -0.91262
-0.13786 -0.11468 -0.081105 -1.0706 -0.60901 -0.43976 0.6748 1.6036 -0.713 -0.43537 -0.061564 -0.59077
-0.074948 -0.179 -0.12076 -1.0444 -0.38044 -0.3175 0.62767 1.3272 -1.0549 -0.59781 0.15421 -0.26586
-0.45273 -0.17614 -0.41699 -0.29374 -0.59134 -0.20696 0.72593 1.0925 -1.1621 -0.95295 0.10301 0.38357
-0.49689 -0.32 -0.37337 -0.19933 -0.35359 -0.5005 1.1224 0.21511 -0.67247 -0.90145 0.24099 1.1479
-0.63035 -0.2987 -0.31104 -0.048917 -0.22267 -0.68677 1.1361 -0.50252 -0.64756 0.030683 0.28385 1.6891
-0.88049 -0.10112 -0.40312 0.081392 -0.23205 -0.64108 0.73563 -0.67826 -1.2722 1.1467 0.71862 1.21
-1.059 -0.14711 -0.098643 0.63467 -0.32504 -0.46237 0.44763 -0.58598 -1.3204 1.6989 0.54532 1.153
-1.2571 -0.29966 -0.0025727 1.1114 -0.37981 -0.29316 0.55752 -0.25631 -1.1102 1.5724 0.13404 0.37183
-1.4778 -0.35146 0.053419 1.6834 -0.41774 -0.29981 0.90833 -0.031585 -0.63076 1.2114 -0.37992 -0.49621
-1.649 -0.33722 0.2632 1.8793 -0.22821 -0.50409 1.1758 -0.33421 -0.18781 1.2929 -0.88003 -0.80215
           
-0.14048 1.7087 0.29402 -1.5924 -0.18276 -2.736 -0.67809 0.78258 -0.49822 1.8643 -0.28465 -0.32014
0.034784 1.2477 0.024736 -1.6505 0.27537 -2.4637 -0.456 1.0642 -0.5701 1.0122 -0.81927 -0.62726
-0.010299 1.0704 -0.23299 -1.8181 0.44231 -1.9039 -0.17752 1.0962 -1.0431 0.43233 -1.14 -0.95183
-0.07896 0.94475 -0.39982 -1.6749 0.38519 -1.7105 -0.10159 0.76273 -1.1492 -0.053422 -1.0981 -0.85178
-0.44317 0.8152 -0.42233 -1.1579 0.21661 -1.415 -0.23337 0.52505 -1.1616 -0.4129 -1.1325 -0.070836
-0.45277 1.0701 -0.22633 -0.90282 0.54724 -1.4543 -0.46485 0.47095 -1.6433 -0.35222 -1.3262 0.69778
-0.29901 1.1907 -0.18173 -0.76911 1.0702 -1.7072 -0.56657 0.12429 -2.024 -0.03645 -1.0548 0.97164
-0.12006 0.61038 -0.48676 -0.57906 1.1884 -1.3624 -0.361 -0.33046 -1.8359 -0.33968 -0.92481 0.78187
-0.42499 0.45907 -0.58562 -0.27685 0.97124 -0.77828 -0.13907 -0.6373 -1.7984 -0.082363 -0.71358 0.58748
-0.35914 0.31186 -0.30505 -0.11271 1.0336 -0.6999 0.17819 -0.70481 -1.6421 0.24566 -0.64366 0.2644
-0.49169 0.085219 -0.13843 0.14023 1.027 -0.89493 0.36811 -0.69867 -1.2402 0.49627 -0.57422 -0.55273
-0.83617 0.36254 -0.15057 0.40497 1.123 -1.3849 0.41244 -0.75513 -1.2405 0.58814 -0.54609 -0.96549
-1.0842 0.71414 -0.020793 0.67935 1.2741 -1.9333 0.46162 -0.83429 -1.0786 0.7636 -0.80673 -1.0768
           
-1.4505 0.15883 -0.63495 -0.84755 -0.65574 -1.7478 0.63396 1.4039 0.37398 0.2082 0.25421 -0.35881
-1.4614 0.060704 -0.72156 -0.70216 -0.54955 -1.5915 0.62195 1.3642 0.17242 -0.29127 0.18347 -0.30771
-1.5453 0.060286 -0.72047 -0.5241 -0.50652 -1.4791 0.60338 1.1192 -0.0062907 -0.80004 0.30659 -0.062628
-1.5183 0.03768 -0.76772 -0.41978 -0.34428 -1.4144 0.4923 0.79345 -0.2942 -1.1461 0.57687 0.36528
-1.4661 0.10039 -0.73807 -0.24764 -0.22272 -1.4618 0.23923 0.24728 -0.36075 -1.1818 1.1851 0.96217
-1.3493 0.13759 -0.4907 -0.063924 -0.0083352 -1.5536 0.097966 -0.42943 -0.13344 -0.80741 1.689 1.8624
-1.3911 0.097345 -0.49646 0.37347 -0.02873 -1.221 0.49166 -0.6923 -0.19213 -0.070627 1.1138 2.3652
-1.5155 0.087593 -0.7982 0.64028 -0.025224 -1.0337 0.68503 -0.66782 -0.98635 0.1995 0.47238 1.1185
-1.7165 0.039434 -0.57753 0.85629 0.039465 -1.1401 0.66166 -0.74914 -1.0285 0.32937 0.42367 0.31782
-1.9231 -0.022389 -0.24432 1.0802 0.08716 -1.1504 0.57781 -0.60005 -0.83046 0.45611 -0.063479 -0.38122
           
-2.2474 0.7204 -1.2907 0.27092 -1.9381 -1.4938 1.2819 0.6721 0.60573 -2.8868 1.6378 -2.0427
-1.9927 0.74184 -1.1188 0.25634 -1.8562 -1.1645 1.1204 0.14694 0.2883 -2.7148 1.6816 -1.638
-1.9255 0.72255 -1.1568 0.26488 -1.544 -1.1238 1.3684 -0.073915 0.0040632 -3.6248 1.5384 -1.7479
-1.8226 1.6172 -1.0572 0.4002 -1.5457 -0.95406 0.97209 -0.16777 -0.77163 -3.6084 1.4644 -1.5655
-1.7984 2.2232 -1.047 0.67231 -1.489 -0.882 0.90067 -0.44549 -1.4285 -3.0106 1.8373 -1.0898
-1.7585 2.2232 -1.2982 0.90305 -0.8928 -1.2305 0.81508 -0.96849 -1.6951 -2.3471 1.6858 -0.55882
-1.9119 2.1735 -1.231 0.98492 -0.5289 -1.2252 0.63109 -1.3642 -1.7398 -1.7108 1.7433 -0.50744
-1.9344 1.8117 -1.2047 0.78792 -0.32497 -1.2013 0.95645 -1.552 -1.6552 -1.6612 1.7237 -1.1214
-1.7707 1.8533 -1.0435 0.92976 -0.24141 -1.4634 1.1798 -1.7483 -1.6364 -1.4067 2.1828 -1.3814
-1.8062 1.9862 -0.52626 1.1585 0.07518 -1.4908 0.89502 -1.7542 -1.1756 -0.76355 1.739 -1.2116
-1.8702 1.8624 -0.34097 1.1805 0.022452 -1.3651 0.56712 -1.8457 -0.71839 -0.59999 1.4246 -1.8146
-1.6673 1.4204 -0.51224 1.1816 -0.13806 -1.3688 0.55402 -1.7279 -0.51112 -0.83423 1.4068 -2.5222
-1.7077 1.3171 -0.64245 1.1754 -0.27694 -1.1393 0.54606 -1.6596 -0.44336 -0.92067 1.084 -3.0203
-1.8238 1.3078 -0.33898 1.3203 0.13208 -1.5749 0.40924 -1.4173 -0.22707 -0.98542 0.39831 -2.7613
-2.0612 1.2982 -0.18361 1.6691 0.36506 -2.0534 0.52903 -1.2097 0.012808 -0.9396 -0.091361 -2.6867
