0.59708 1.1743 0.59078 -0.15522 -1.5706 -0.92661 0.94827 1.6277 -0.611 2.2639 0.8453 -0.78611
0.34082 1.2289 0.45808 0.018423 -1.6158 -0.44019 0.9365 1.9892 -0.71502 2.0968 0.83995 -0.68787
0.39551 1.1536 0.080373 0.017574 -1.453 -0.074866 1.4356 2.3459 -0.79396 1.6445 0.63094 -1.0898
0.56048 0.92506 -0.1958 -0.26877 -1.101 -0.042856 1.4599 2.2256 -1.0177 0.91095 0.62609 -1.5101
0.7993 0.6958 0.18854 -0.77832 -0.61254 -0.37668 1.4077 1.8111 -0.9172 0.43284 0.65181 -1.3041
1.0845 0.399 0.37153 -0.95788 -0.353 -0.50254 1.5543 1.6496 -0.80534 0.38896 0.32714 -1.0072
0.9402 0.51244 0.010836 -0.46064 -0.21103 -0.42041 1.3441 1.5947 -1.0164 0.7548 -0.17569 -0.27727
0.80423 0.30733 -0.38522 -0.015927 -0.23168 -0.38737 1.5061 1.414 -1.0857 0.80809 -0.60734 0.10933
1.0007 -0.12157 -0.078156 -0.098161 0.18789 -0.70173 1.7159 0.92727 -0.65954 0.34629 -0.78357 0.99146
0.93987 -0.03866 0.13798 -0.098162 0.26068 -0.51864 0.97749 0.85256 -0.65216 -0.16898 0.010581 1.3386
0.7669 0.13941 -0.062463 0.35652 0.096777 0.21099 0.11681 1.6307 -0.98137 -0.33089 1.2041 0.96523
0.7817 -0.029865 0.032996 0.39211 0.40582 0.28068 0.27836 1.7989 -0.56874 -0.29238 1.2808 0.89627
0.58321 -0.26667 -0.00035417 0.51749 0.82236 0.75566 0.54014 1.9212 -0.11591 0.26447 1.6126 1.0118
0.59218 -0.51043 -0.088921 0.66092 1.1396 1.1361 0.50987 2.0529 0.18437 0.42747 1.5357 0.72701
0.75104 -0.58347 -0.16155 0.63128 1.563 0.79922 0.17399 1.7977 0.36341 0.50549 1.2189 0.31712
0.77256 -0.60895 -0.54972 0.77743 1.7845 0.73631 0.084367 1.8815 0.16427 0.61691 1.0647 -0.12448
0.85139 -0.22393 -0.59126 0.48753 2.0783 0.76527 -0.025174 1.5498 0.25869 0.6924 1.0058 -0.64144
           
1.304 -0.013276 -0.11724 -1.0752 0.61048 -0.13982 -0.14257 1.2468 0.3278 -1.0494 -1.1393 -1.2312
1.0461 0.055754 -0.34785 -1.0099 0.83805 0.25046 -0.12334 1.3252 -0.10703 -1.106 -1.2688 -1.1352
0.8645 0.07893 -0.53384 -0.84258 0.8523 0.32161 -0.1165 1.3385 -0.34165 -1.1251 -1.4207 -1.0166
0.93119 0.061535 -0.49265 -0.80608 1.0732 -0.0017025 -0.16181 1.0808 -0.44132 -1.0213 -1.3536 -0.65046
0.95172 0.12084 -0.49359 -0.61842 1.2334 -0.32295 -0.2708 0.87548 -0.666 -0.59392 -1.0626 -0.25464
1.0201 0.043877 -0.16008 -0.8275 1.66 -0.55723 -0.60885 0.6378 -0.84661 -0.39648 -0.4373 0.070043
0.9565 0.028208 -0.047981 -0.74178 1.8151 -0.5949 -0.70843 0.50991 -0.90142 -0.31864 -0.30485 0.24873
0.83567 -0.075753 0.0099613 -0.50448 1.8741 -0.32115 -0.69728 0.43224 -0.7364 -0.14451 -0.095548 0.25696
0.75618 -0.25299 0.16729 -0.45001 1.9813 0.17358 -0.69512 0.67033 -0.43702 -0.30657 0.35234 -0.33257
0.50982 -0.3183 0.18911 -0.40393 2.2384 0.29502 -0.28751 1.0333 -0.41419 -0.19495 0.21919 -0.73623
0.24731 -0.26267 0.414 -0.18055 2.0034 0.15668 -0.26437 0.98148 -0.48287 -0.23029 0.36854 -1.0135
-0.27563 0.053781 0.40933 0.60496 1.4762 -0.13208 -0.68519 1.0041 -0.59658 -0.37927 0.20491 -1.2331
           
1.1444 0.91745 1.1244 -0.47023 0.46724 -0.98802 1.725 2.1223 0.17825 0.42563 -0.35102 0.050439
0.71522 1.0739 0.74135 0.13796 0.12228 -0.74103 1.8117 2.3967 0.14599 0.52102 -1.0196 0.078482
0.87278 0.70528 0.81786 -0.20458 0.61425 -0.84536 2.1555 2.1563 0.66202 -0.22539 -1.2509 0.049586
0.89671 0.44804 0.67954 -0.53108 1.1895 -0.77307 2.5687 2.0764 0.89968 -1.0694 -0.97909 -0.2363
0.6855 0.49303 0.38043 -0.25665 1.2896 -0.40537 2.5609 2.119 0.96928 -1.4308 -0.47539 -0.53384
0.5259 0.51868 0.073487 -0.037167 1.2553 0.35876 2.2474 2.2887 0.57752 -1.6816 -0.60759 -0.5753
0.59209 0.47526 -0.10656 -0.070774 1.4437 0.71784 1.9689 2.4282 0.015582 -1.5295 -1.0998 -0.62157
0.91337 0.33159 -0.017881 -0.41652 1.9928 0.62952 1.706 2.2075 -0.29267 -1.2161 -1.3773 -0.45826
0.95136 0.38438 0.1553 -0.62461 2.3609 0.514 1.1353 1.6844 -0.24283 -0.71818 -1.1494 -0.22896
0.87341 0.25616 0.10141 -0.35345 2.5198 0.61117 0.73967 1.6521 -0.23075 -0.64581 -1.2087 0.031955
0.92679 0.1498 0.05636 -0.44503 2.6556 0.86177 0.65286 1.4881 -0.11124 -0.59708 -0.83624 -0.12076
0.79408 0.28981 -0.14188 -0.48762 2.911 1.0266 0.73808 1.0119 0.090233 -0.14998 -0.87067 -0.30335
0.77799 0.14809 -0.14941 -0.76272 3.2312 1.3392 0.50437 1.0342 0.071141 0.44527 -0.83655 -0.76915
0.51296 -0.047116 -0.15061 -0.6347 2.8935 1.7485 0.17895 1.262 -0.007447 0.60806 -0.63056 -1.2187
0.36592 -0.056649 0.052762 -0.4168 2.5101 1.7772 0.42947 1.071 0.10892 0.92013 -0.26076 -1.0034
0.29475 0.050235 0.28404 -0.40971 2.6427 1.502 0.5575 0.94514 0.23094 0.98038 0.064294 -0.77041
0.19623 -0.074 0.57716 0.01744 2.8008 0.85178 1.0122 1.4038 0.42366 0.68482 0.4371 -0.26167
0.067954 -0.13855 0.72414 0.3973 2.824 0.66426 1.0693 1.7629 0.69918 0.54948 0.57132 -0.10574
           
-0.3155 0.38463 0.71737 -0.15012 -1.6878 1.1695 0.1238 2.2587 0.45383 0.89107 0.0066326 0.51355
0.23502 0.032171 0.82838 -0.95107 -0.99104 0.46755 0.42608 1.5879 0.58178 0.26687 0.29114 0.30903
0.53576 -0.036839 0.41708 -1.3466 -0.35352 0.42364 0.34378 1.1282 0.21385 0.3085 -0.28111 0.24795
0.70063 -0.08714 0.43921 -1.1665 0.0038994 0.0066656 0.5127 1.0817 0.060369 0.15159 -0.063937 0.87563
0.96921 -0.13966 0.65053 -1.3071 0.36617 -0.24864 0.45425 0.70365 -0.067736 0.35709 0.053378 1.6916
0.74262 0.051565 0.47716 -1.2102 0.54131 0.13249 0.38377 0.90237 -0.37322 0.79061 0.5528 1.7369
0.63138 -0.0078295 0.53437 -1.0335 0.73355 0.39181 0.37723 1.1023 -0.22613 1.0632 0.78067 2.1214
0.40396 -0.079743 0.50029 -0.57339 0.76981 0.36385 0.34567 1.0775 0.098482 1.2883 1.245 2.6302
0.71258 -0.41895 0.69393 -0.79143 1.1938 0.38825 0.10639 1.013 0.41422 1.2229 1.9971 2.4443
0.67942 -0.46953 0.77123 -0.86928 1.4366 0.77298 -0.033767 1.1377 0.35459 1.1542 2.0781 1.9917
0.53151 -0.42748 0.74141 -0.81865 1.744 0.66228 0.052632 1.1924 0.15623 1.1827 1.8436 1.7767
0.33229 -0.53802 0.70403 -0.44727 1.8487 0.41185 0.26569 1.1827 0.28514 1.1577 1.3741 1.6407
0.25592 -0.60215 0.81224 -0.20781 1.9365 0.17125 0.41281 0.94875 0.54803 0.93371 0.89173 1.5756
0.22561 -0.56314 0.84853 -0.18484 2.0388 0.13901 0.37433 0.61407 0.67854 0.66243 0.77275 1.4027
0.14725 -0.48474 0.9493 -0.077624 1.8992 0.20801 -0.082736 0.53509 0.81953 0.26135 0.98225 0.75519
0.013007 -0.76419 0.9908 -0.10375 1.6896 0.63731 -0.52083 0.93478 0.73662 -0.047306 1.2404 -0.15186
           
0.23716 0.93483 1.1831 -1.0635 1.3384 1.4334 0.15158 2.2197 -0.12968 0.43782 0.99846 0.9592
0.81983 0.40073 1.0386 -1.0094 1.9269 0.3859 -0.27135 1.7475 -0.15972 0.27167 1.5099 1.4195
0.81713 -0.12386 -0.083363 -1.5346 1.8191 0.45487 -0.39341 0.99122 -0.50373 0.45086 1.529 0.3059
0.96676 -0.13703 -0.33824 -1.7049 2.0774 0.46376 -0.47264 0.92477 -0.66465 0.59166 1.159 -0.0072588
0.97975 -0.39815 -0.0022172 -1.2798 2.4796 0.9461 0.25564 1.4449 0.36824 0.80171 1.2074 0.39633
1.0436 -0.34322 0.50039 -1.0351 2.6969 0.89919 0.50732 1.7181 0.4891 0.56386 1.3576 0.43731
0.77518 0.090322 0.80409 -0.56219 2.7176 0.40169 0.20877 1.3435 0.3036 0.78323 0.93815 0.78698
0.88054 0.024615 0.8371 -0.74811 2.9583 0.53199 -0.16038 0.6928 0.59809 1.0033 0.68137 0.94582
0.85475 -0.059851 0.82698 -0.78714 3.0234 0.69031 -0.13987 0.25686 0.96933 0.93224 0.52953 0.8324
0.50351 0.18983 0.78698 -0.61979 2.6692 0.96965 0.092825 0.11657 0.84789 0.57547 0.88054 0.509
0.18409 0.45859 0.85277 -0.30367 2.2845 1.2656 -0.34241 0.62593 0.27013 0.25796 0.73994 0.0053299
0.26831 0.31847 1.2741 -0.12687 2.2125 0.87461 -0.41143 1.0411 0.065324 0.0030759 0.96346 -0.23688
0.35859 0.13574 1.447 -0.17352 2.3759 0.48626 -0.58243 1.3026 0.091159 0.055714 1.2608 -0.76182
0.069078 0.26623 1.4902 0.093163 2.3505 0.50458 -0.56251 1.4822 0.16448 0.33512 1.1961 -0.81069
0.084782 0.19173 1.876 0.2449 2.4116 0.43766 -0.45339 1.6882 0.49015 0.45553 1.369 -0.69316
-0.11628 -0.025471 2.1049 0.42512 2.3129 0.58688 -0.085613 2.0144 0.95185 0.60068 1.7042 -0.58488
-0.41144 -0.12054 1.8539 0.76157 2.2113 0.85217 0.28762 2.3014 1.2125 0.89946 1.6457 -0.56038
           
1.0384 0.28046 0.66017 -0.34292 -0.49163 -1.2831 2.3558 1.3711 0.34004 1.9789 -0.26068 0.55195
0.70163 0.25118 0.31906 -0.37311 -0.36002 -1.1433 2.9267 1.0889 0.29359 1.5984 -0.17371 1.0877
0.54689 0.37504 0.1094 -0.22013 -0.31155 -1.0813 2.8555 1.1841 -0.098415 1.3826 -0.26779 1.1549
0.77895 0.29065 0.20813 0.1479 0.0013433 -1.3567 2.4479 1.1706 0.11186 1.1564 -0.41702 1.5274
0.94131 0.0059011 0.15588 0.26048 0.12571 -1.5073 2.5744 1.1027 0.32366 0.56775 -0.39617 1.5881
0.89299 -0.0073849 0.22116 0.42662 0.50509 -1.2675 2.989 0.97478 0.38098 0.77962 -0.26957 2.2005
0.70438 -0.08538 0.11974 0.54126 0.7739 -0.56758 3.1195 1.0453 0.41362 0.55596 -0.56108 2.1941
0.67546 -0.7146 -0.29051 1.0615 1.066 -0.21181 3.5517 1.1585 0.85634 0.1212 -1.0297 1.955
0.75752 -1.3016 -0.52017 1.2685 1.7886 0.54345 3.9344 1.8875 0.7499 0.48458 -0.86287 1.8584
0.74634 -0.45966 -0.12295 0.61843 1.9841 0.53456 2.9141 1.6309 -0.20595 0.69064 -0.42802 2.0654
0.61889 -0.043608 -0.061004 0.63432 1.944 0.539 1.9612 1.5988 -0.54493 0.70603 -0.54101 1.7105
0.55022 0.0064348 -0.01085 0.68192 1.966 0.44459 1.6445 1.1571 -0.34087 1.0192 -0.97911 1.5914
0.30077 0.14308 -0.20764 0.73696 1.7701 0.56651 1.5681 0.81489 -0.43595 1.5258 -1.1225 1.1547
0.21894 0.1024 -0.17384 0.79268 1.7668 0.32878 1.5315 0.61078 -0.27263 1.6044 -0.99517 0.82888
0.23305 -0.1007 -0.049103 1.0964 1.8623 -0.16113 1.4877 0.50534 0.054517 1.4544 -1.0258 0.86742
0.096438 -0.055554 0.25676 1.324 2.0087 -0.75005 1.0928 0.66175 0.23526 1.1716 -1.1921 0.92023
0.025744 0.13684 0.3227 1.5303 2.0026 -0.98803 0.81784 0.76138 0.16361 1.0388 -0.98075 0.8149
0.09504 0.0057591 0.37288 1.5948 2.0894 -1.1018 0.84833 0.67499 0.40047 1.1194 -0.86604 0.78098
0.082659 -0.013372 0.45528 1.6099 2.1161 -1.0333 0.83956 0.70922 0.49395 1.1819 -0.77442 0.74423
           
0.2914 -0.032043 0.83017 -1.0919 -0.86392 0.59154 1.1535 1.2903 1.2891 0.47916 0.78112 0.93802
0.23309 0.12095 1.1249 -1.1116 -0.68678 0.84121 0.69145 1.0619 1.1442 0.67663 0.59579 1.7476
0.057766 0.5179 0.98671 -0.82 -0.59638 1.3583 0.6598 1.2663 1.0195 0.91111 0.99079 1.9997
-0.1926 1.1293 0.23447 -0.32787 -0.94802 2.1173 0.47873 1.5862 0.75787 1.3569 1.5825 1.604
0.41068 0.85204 -0.20331 -0.45964 0.029779 1.394 0.71899 1.1601 0.63397 1.0636 1.6396 1.1949
0.86907 0.071522 -0.16822 -0.71248 1.1715 0.29493 0.9162 0.9893 0.35346 -0.070713 0.79428 1.1174
0.88485 0.028055 0.57115 -0.87292 1.0312 0.32405 0.62049 1.0064 0.41655 -0.20884 1.4632 1.9003
0.86992 -0.1855 0.63922 -0.91592 0.98517 1.0523 0.60208 1.1329 0.76707 -0.16212 1.2619 1.5757
0.905 -0.21568 0.46092 -0.92016 0.97277 1.4261 0.12346 0.90004 0.76689 -0.080495 1.3543 0.97362
1.0992 -0.29044 0.68939 -1.1068 1.272 1.1484 -0.27576 0.82695 0.61401 -0.058735 1.8903 0.5019
0.8679 -0.16522 1.0372 -1.1763 1.6065 0.90184 -0.60864 1.0068 0.39144 -0.052357 2.0986 0.50395
-0.39275 0.40595 1.4702 -0.49453 1.4304 1.6097 -1.0858 1.8721 0.036759 0.085444 1.9197 0.81059
-0.075541 0.14745 1.4877 -0.66316 1.6231 1.5453 -1.0317 1.6126 0.45142 0.30207 2.1308 0.65083
0.66882 -0.015256 0.58908 -0.13685 1.3395 1.0413 -0.6817 0.68258 0.62227 0.19721 1.683 0.61811
0.61057 0.20228 0.069428 0.43297 0.9437 1.3112 -0.87671 0.96103 0.19184 0.18181 1.5696 0.006073
0.94965 -0.10165 0.59395 0.028258 1.6067 0.8503 -0.59443 0.79974 0.6151 -0.35314 1.7749 -0.12104
0.59967 -0.20575 0.48818 0.32886 1.4303 1.1583 -0.33035 0.96088 0.65131 -0.10712 1.8547 -0.18707
0.64351 -0.21806 0.57816 0.34587 1.5264 1.1404 -0.20803 0.96206 0.54616 0.057262 1.9147 -0.40729
0.50884 0.26387 0.24981 0.76514 1.2362 1.0388 -0.56559 1.1512 -0.12657 0.15427 1.6478 -0.80024
0.1991 0.56512 -0.23023 1.5551 0.6867 1.1066 -1.1191 1.7149 -0.64957 0.14085 0.98526 -0.97483
           
0.050168 -0.14497 1.2356 -1.036 1.2555 1.7635 2.7109 3.9351 0.85029 0.5178 2.1458 -0.52635
0.91324 -0.62246 0.0080251 -1.31 0.88182 0.85291 2.2234 2.8481 0.55603 -0.079294 1.0549 -1.1192
0.70823 -0.85585 -0.44496 -1.8583 0.37056 -0.19368 1.0152 1.7703 -0.37735 -0.30016 1.3497 -0.9899
0.78071 -0.45836 0.063988 -1.7735 0.32168 -0.20257 0.78954 1.7552 -0.68218 -0.69832 1.2596 -0.67409
1.2596 0.17943 0.066127 -0.74413 0.59156 0.19455 1.0788 1.9706 -0.56353 0.11319 0.69196 -0.071153
1.5595 0.37294 0.2738 -0.84571 0.55106 -0.35905 0.44807 1.0865 -0.77461 0.44353 0.54626 0.742
1.5949 0.18078 0.00083141 -0.31043 0.64038 -0.093547 0.65901 1.6114 -0.67656 0.30244 0.93218 0.73966
1.2762 0.37804 -0.064051 -0.46237 1.4045 0.22811 1.0278 1.7546 -0.72209 0.85154 0.69732 1.1551
1.1568 0.33585 -0.016735 -0.67817 1.8965 0.42562 1.0082 1.7135 -0.53611 1.5269 1.2993 1.2332
1.2938 -0.14879 -0.15408 -0.70041 2.0205 1.0658 1.4854 1.895 -0.14144 1.9564 1.5718 1.0296
1.1202 -0.17102 -0.09994 -0.6964 2.3199 1.3239 1.1736 1.738 -0.018735 2.1591 1.3705 0.97485
0.64272 0.013678 -0.23092 -0.067964 2.1362 1.0221 1.1396 1.7763 -0.17066 2.0604 1.6561 0.93697
0.42921 -0.054005 -0.11665 0.29709 2.1978 0.817 1.3628 1.7047 -0.061167 1.8903 1.2322 0.95989
0.31867 -0.37213 -0.045179 0.40522 2.6383 0.93944 1.9463 1.9797 0.26344 2.0396 0.47838 1.3523
0.30054 -0.21356 0.02743 0.61297 2.4811 0.64514 1.8486 1.8047 0.14448 2.0414 0.83881 1.2975
0.078926 0.17471 0.10952 0.91695 2.0739 0.46708 1.3386 1.6717 -0.093265 1.6567 1.1188 0.86845
0.0053126 0.28674 0.45395 0.78904 2.1918 0.20458 0.82041 1.7897 0.1898 1.229 1.6317 0.073036
-0.18727 0.2246 0.57867 1.1696 1.9488 0.39536 0.39079 2.2219 0.36836 0.83611 1.3995 -0.22409
-0.27138 0.30614 0.52023 1.2503 2.0369 0.54418 0.55158 2.2202 0.1536 0.92382 1.2605 -0.062824
           
0.37536 -1.3611 -0.40363 -0.072659 -0.70694 -0.12164 2.6179 2.2889 0.80353 0.64642 0.26491 -0.26143
0.92246 -1.444 -0.76538 -0.03904 0.46073 0.086566 3.4138 2.3983 0.55709 0.54397 -0.43685 -0.0331
1.7036 -1.0137 -0.82067 -0.59879 0.34654 -0.67763 1.9645 1.4908 -0.21549 0.4561 0.17489 -0.20817
1.214 -0.36682 -0.30089 -0.95773 0.15718 -0.28264 0.90584 1.2377 -0.42701 -0.029738 0.69135 -0.11646
1.005 -0.092386 0.43162 -1.0924 0.57961 -0.19238 0.54671 1.3309 -0.32478 -0.046585 1.2208 0.47991
0.86776 0.029147 0.34074 -0.9298 0.82542 -0.19693 0.44967 1.5069 -0.46292 0.047451 1.219 0.75914
0.90687 0.15703 0.33279 -1.1658 1.2898 -0.22334 0.36005 1.2242 -0.71115 0.45983 1.4876 0.88677
0.37873 0.18288 -0.40283 -0.4115 1.1943 0.04658 0.36333 1.2094 -0.51386 1.3256 0.95206 0.81822
0.59421 -0.18993 -0.34709 -0.37639 1.6469 0.014621 0.44631 1.1326 -0.26048 1.5675 0.74281 1.0181
0.49777 -0.32574 -0.48024 -0.094345 1.8 0.42179 0.79533 1.2628 -0.42376 1.4842 0.33448 1.1539
0.58071 -0.50271 -0.68129 0.35994 1.7948 0.36407 1.1281 1.0871 -0.31276 1.7064 0.059683 1.1353
0.61168 -0.48927 -0.40538 0.47986 1.8119 0.12304 0.90665 0.66044 0.19805 1.434 0.027685 1.1205
0.34254 -0.25907 -0.3079 0.54656 1.5577 0.3582 0.26359 0.59358 0.48353 0.70805 0.67691 0.40158
0.30826 -0.39219 -0.28307 0.37652 1.4816 1.0597 0.00034434 1.086 0.20707 0.47692 1.1859 -0.43169
0.27809 -0.48616 0.029072 0.37341 1.5965 1.0057 0.17869 1.4314 0.16295 0.37415 1.4167 -0.69119
0.40559 -0.72567 0.2569 0.0035105 2.0079 0.83626 0.21107 1.4377 0.41718 0.36782 1.1771 -1.0819
0.30595 -0.77867 0.36463 0.12833 1.9587 0.72448 0.088731 1.4301 0.5163 0.33141 0.91774 -1.2341
0.35129 -0.80728 0.61565 0.085188 2.0864 0.53305 -0.011237 1.406 0.59048 0.12719 0.7581 -1.2502
           
0.55614 0.80736 -1.7698 -0.062187 -0.19172 2.631 0.44502 2.4966 -0.73193 1.0667 -0.12279 -0.89594
0.79556 0.86928 -1.4328 0.08365 0.10116 2.3439 0.30563 2.3662 -0.74874 1.0963 0.44218 -0.31562
0.90499 0.6707 -0.81992 -0.045824 0.76535 1.3384 0.11535 1.5462 -0.078802 0.78703 1.5503 0.2398
0.52072 0.53738 -0.60466 0.071505 0.94134 1.3467 0.21549 1.6292 0.076716 0.11406 1.7451 0.2072
0.5582 0.49714 -0.30319 0.30139 1.2716 1.0047 0.42878 1.6622 0.1431 -0.10547 1.2859 0.28873
0.88975 0.033698 -0.5063 0.39266 1.6488 0.74945 0.90601 1.8811 -0.099281 0.42022 0.60681 0.052291
0.61725 0.43726 -0.78299 0.98049 1.043 1.1413 0.15227 2.0016 -0.70119 0.065849 0.88158 -0.037211
0.70866 0.59179 0.034724 0.58566 1.6841 0.19843 -0.11252 1.2145 -0.82501 0.16243 0.78817 0.31427
0.87554 0.45486 0.51064 0.49269 2.1455 -0.65883 -0.27511 1.0656 -0.33106 0.57639 0.59376 0.36002
0.8024 0.35648 0.74516 0.69454 1.9817 -0.52923 -0.052737 1.3569 -0.13257 0.74243 1.0536 0.14729
0.64411 0.14428 0.74783 0.71749 2.0442 -0.097113 0.47283 1.7668 0.12251 1.274 1.0499 -0.091434
           
0.36122 1.5879 -0.085271 -0.47919 -1.8032 0.58891 0.23374 2.0641 -0.28869 1.2076 1.9228 -1.0262
0.71083 1.1345 0.48459 -1.1403 -1.1427 0.04987 0.60167 1.6498 -0.11733 1.1689 1.9668 -0.96319
0.7315 1.1037 0.739 -1.4772 -0.88444 0.040493 0.61008 1.3335 -0.23706 1.0041 1.9464 -0.77111
0.47445 1.1409 0.35324 -0.67693 -1.1015 0.24318 0.8647 1.7619 -0.38227 0.40625 2.1338 -0.32898
0.83382 0.76747 0.35411 -0.72038 -0.97708 0.31896 0.79049 1.5566 -0.59186 -0.013411 2.0405 -0.47118
0.73957 0.77784 0.18787 -0.49734 -1.0509 0.51526 0.30452 1.3897 -1.1037 -0.058987 1.9658 -0.45704
0.31894 0.98318 0.035815 -0.28927 -1.0707 0.69643 -0.15266 1.1744 -1.4732 -0.17964 1.6995 0.042647
0.3646 1.191 0.42401 -1.1643 -0.11295 0.19628 -0.50762 0.36425 -1.5005 0.08698 1.7724 0.46515
0.61791 0.60191 0.33918 -1.4357 0.07792 0.094863 -1.2765 -0.41358 -1.0424 1.0553 2.1364 0.56711
0.68424 -0.058321 0.13528 -0.33092 0.075498 -0.39756 -0.91973 -0.065874 -0.50073 1.3077 2.5112 1.0849
0.51582 -0.41085 -0.22686 0.54336 0.25061 0.022346 -0.089158 0.97652 -0.40026 1.5181 2.6043 1.287
           
-0.43377 1.5809 -0.71786 0.48116 -2.6574 0.10943 1.2873 1.0369 1.4095 -1.2753 1.8994 -1.9433
-0.35045 1.6513 -0.94274 0.67013 -2.5994 -0.022998 1.2696 0.90727 1.0088 -1.8117 2.2156 -1.8859
-0.5746 1.8119 -1.3321 1.0566 -2.7713 0.21659 0.71173 0.97873 0.49081 -2.2307 2.1526 -1.6978
-0.18086 1.6402 -1.3131 0.83774 -2.5143 0.21334 0.60099 0.91878 0.35346 -2.248 1.4485 -1.4529
0.15412 1.3499 -1.3737 0.77365 -2.4053 -0.11271 0.75338 0.48316 0.33964 -2.1808 0.84517 -1.1959
0.28952 0.99924 -2.1143 0.92672 -1.9682 0.1531 0.79892 0.72798 -0.20258 -1.5837 0.334 -0.91824
0.55733 0.40277 -2.422 1.1172 -1.4628 0.35934 0.57888 1.0665 -0.76329 -0.52417 0.2307 0.42555
0.65438 0.7192 -1.8475 1.0479 -1.0132 0.39688 0.29671 1.6057 -1.495 -0.22512 0.18581 0.80221
0.71588 0.89653 -1.2813 0.8453 -0.41932 0.54224 -0.075914 1.8464 -1.9851 0.57259 0.53636 0.99241
0.81723 0.55223 -0.96947 0.71977 0.29842 0.50467 0.17504 1.8228 -1.7623 0.7823 0.68167 1.2467
0.58965 0.60392 -1.252 1.0109 0.067992 1.1517 -0.39287 1.908 -1.8083 0.84809 1.1892 0.91848
0.46464 0.48164 -1.3633 1.4191 0.083977 1.3117 -0.53614 1.8279 -1.556 1.1353 1.1158 0.84224
0.24477 0.38863 -1.2963 2.0033 0.14727 1.4752 -0.586 2.2485 -1.7062 1.3891 0.64985 0.72597
0.45414 0.063934 -1.0826 1.8098 0.62109 1.3299 -0.4053 2.2042 -1.3118 1.1694 1.0319 -0.13866
0.36925 -0.014252 -0.62315 1.7355 0.84404 1.2602 -0.25458 1.8243 -0.60796 0.87363 1.0801 -0.36669
0.51475 -0.092131 -0.19219 1.341 1.4568 0.64938 -0.076515 1.5097 -0.34346 0.85122 0.76065 -0.93481
0.70327 -0.23621 0.21645 0.96012 1.6254 0.45495 0.033705 1.1954 -0.27913 1.075 0.75266 -1.5086
           
0.49537 -1.5543 0.7188 0.23093 -1.984 -0.96333 1.0056 2.133 1.7948 0.22753 2.8797 -0.66315
0.31012 -1.4338 -0.27029 1.2947 -2.0548 -0.5072 0.88829 3.1545 0.99807 -1.0175 1.4691 -0.62889
0.9469 -1.8795 -0.60698 0.93721 -1.3768 -1.7099 0.54972 2.5444 1.2409 -1.2609 1.7473 -0.67872
1.4046 -2.2514 -0.57661 0.46746 -0.84462 -1.8264 1.1601 2.2875 1.155 -1.5768 1.7623 -1.0633
1.4795 -2.4404 -0.63032 0.25074 -0.5791 -1.3361 1.7617 2.2843 0.98094 -1.7864 1.4072 -1.4457
1.6907 -2.653 -0.78709 0.31877 0.0028192 -1.2931 2.1149 2.5163 0.76195 -2.1042 1.2516 -1.4247
1.2674 -2.3962 -1.0395 0.5081 0.034815 -0.84629 1.9249 2.5622 0.35596 -1.5091 0.86204 -0.92209
1.5055 -2.7103 -0.90046 0.31996 0.24463 -1.0444 1.9738 2.2005 0.28315 -1.4246 0.95259 -0.86372
1.1123 -2.2834 -1.214 0.94979 0.16776 -0.96939 1.3545 2.3465 0.032683 -1.0966 1.017 0.20737
1.8304 -2.8265 -0.89886 0.19948 0.64082 -0.76887 1.7571 1.3722 0.3725 -0.67562 1.3378 0.14426
1.6175 -2.8823 -0.64187 0.060602 0.44896 0.28066 2.3156 1.0457 0.53071 -0.19297 1.1549 0.21664
1.6453 -2.9391 -0.8856 0.4254 0.9565 -0.43847 2.0789 1.0179 0.19832 -0.012502 1.0027 -0.36752
1.3092 -2.7881 -0.77861 0.88797 1.2002 -0.86406 1.7404 1.0618 0.080223 0.58467 0.98606 -0.41164
0.65516 -2.2846 -0.91066 1.3246 1.0787 -0.39119 1.7255 1.2355 -0.13784 0.72763 1.0938 -0.21465
1.2618 -2.9524 -0.64622 0.88314 1.4123 -0.34405 2.5309 1.0916 0.0083087 0.7495 0.66503 -1.1151
           
1.0221 -0.25241 0.010067 -0.55639 -0.74064 -1.3434 0.28466 0.53292 0.57883 0.31278 -2.1336 -0.00020496
1.2554 -0.42309 -0.10455 -0.80918 0.029761 -1.7306 0.10891 0.5172 0.26974 0.059163 -2.3444 0.45558
1.2703 -0.21976 -0.22043 -0.31814 0.18559 -1.8812 0.09073 0.88903 -0.22245 0.48034 -2.142 0.76664
1.2008 -0.57987 -0.38892 0.11024 0.10217 -1.5549 0.73963 1.288 -0.038446 0.86417 -1.7717 0.66841
1.3127 -0.50161 -0.82541 -0.13458 0.59506 -1.6168 0.63402 0.66708 -0.64391 0.63242 -1.739 1.1939
1.0957 -0.31034 -0.69452 -0.12704 0.79275 -1.4587 0.4798 0.32953 -0.88659 0.5605 -1.6511 1.9738
0.8563 -0.28485 -0.78952 0.26134 0.7292 -1.2097 0.54826 0.49194 -1.0258 0.61247 -1.882 1.9575
0.70364 -0.27044 -0.99023 0.49111 0.69394 -1.2188 0.5515 0.45375 -1.0015 0.68356 -1.7465 1.875
0.53746 -0.18265 -1.0013 0.60173 0.75306 -1.19 0.58504 0.3223 -0.95458 0.85653 -1.2913 2.1126
0.52825 -0.04735 -0.63941 0.54066 0.99374 -1.4617 0.3591 -0.060965 -0.6468 1.019 -0.88138 2.1607
0.71055 -0.2346 -0.39811 0.42541 1.2692 -1.443 0.19416 -0.55959 -0.30561 1.4843 -0.51337 2.0234
0.59405 -0.4489 -1.0506 0.85985 1.2221 -1.2933 -0.32761 -0.16669 -0.45228 1.7284 -0.38109 1.1695
           
0.3424 1.0603 -1.9429 1.5666 -2.5924 -1.394 1.1674 0.098067 0.75714 -2.961 0.6129 -1.9755
0.36623 0.91965 -2.1784 1.928 -2.7936 -1.3181 0.47205 0.23369 0.043739 -1.7117 0.80803 -0.80311
-0.28251 1.6306 -1.9004 1.9074 -2.5797 0.12915 0.1473 1.178 -0.68003 -1.915 0.76283 -0.49905
-0.64977 1.1538 -1.948 1.5276 -1.7624 0.93325 -0.2182 1.651 -1.1501 -1.232 0.42128 -0.16819
-0.47354 0.85934 -1.8221 1.4811 -1.7707 1.0586 -1.2247 2.0246 -2.0168 -0.27956 -0.23264 0.54431
0.0068202 0.40265 -1.4082 1.403 -1.1368 0.57303 -1.1405 1.9216 -1.7269 0.34012 0.038702 0.78637
0.26528 -0.11159 -1.0201 1.1162 -0.38831 0.70293 -0.59603 1.7217 -1.1354 0.64123 0.38979 0.89013
0.071558 -0.29901 -1.0626 1.282 -0.06721 1.0944 -0.20524 1.7632 -0.96887 0.88544 0.25402 0.78598
-0.42779 -0.0087183 -1.5894 2.1242 -0.46298 1.7658 -0.42765 2.2032 -1.4503 1.1956 -0.48711 0.67005
-0.3221 -0.051864 -1.6267 2.3082 -0.16718 1.3962 -0.35329 1.9878 -1.4421 1.3675 -0.73366 0.52852
0.1259 -0.4753 -1.0059 1.8657 0.60445 0.56518 0.15116 1.4392 -0.8064 1.6475 0.032132 0.26801
0.58506 -1.2875 -0.46951 1.5049 1.4443 -0.17516 0.48482 1.4848 0.24516 1.2221 0.0022136 -0.31883
-0.10605 -1.092 -0.59325 2.2407 0.98108 0.63557 0.77196 2.3074 0.56418 1.3636 0.020734 -0.11676
-0.32799 -0.58435 -0.52486 2.5075 0.17946 0.90903 0.63914 1.0429 0.45423 0.88926 -0.83943 -0.13662
-0.11505 -0.65185 0.21782 2.057 0.90589 -0.30435 0.76911 -0.10839 1.1752 0.61833 -1.6334 -0.052556
           
1.087 0.093294 1.0643 -1.5872 0.15212 -0.22192 -0.23063 1.7372 1.3434 -0.04851 0.69413 -0.16447
1.4523 -0.24023 0.69932 -1.8257 0.88124 0.027126 0.039513 1.6119 1.0015 -0.088838 0.054845 -0.31422
1.6549 0.067901 0.41961 -1.6132 1.3144 0.0029836 0.20086 1.4931 0.56769 -0.21201 -0.14738 -0.15423
1.436 0.40214 -0.088918 -1.1008 1.1592 0.082727 0.01941 1.0733 0.29551 0.19452 0.33838 0.17389
1.6547 0.34792 -0.019652 -1.2733 1.9186 -0.067855 -0.040823 0.56595 0.27545 1.0145 -0.0013003 0.93244
1.5325 0.32102 -0.0055209 -1.0651 2.1962 0.22723 0.40609 0.39149 0.34844 1.2005 -0.46037 1.4248
1.0704 0.43433 -0.15361 -0.41124 2.0078 0.40052 0.98445 0.37316 0.46314 0.34417 -0.35844 1.41
1.1771 0.2422 -0.33025 -0.22686 2.1535 0.23997 0.61558 0.46637 0.49587 0.13618 -0.24619 0.75641
1.2727 0.19343 -0.57081 0.093733 2.2408 -0.19482 0.25593 0.48373 -0.015423 0.74062 -0.53037 0.65345
1.1481 0.28006 -0.51055 0.53163 2.0934 -0.34689 0.011704 0.52625 -0.34244 1.02 -0.62827 0.75604
1.1189 0.067046 -0.1049 0.38363 2.3697 -0.1662 0.079115 0.6481 0.21761 1.399 -0.10872 0.49265
0.4536 0.45809 -0.49596 1.1366 1.9452 0.15206 0.4713 0.89255 0.13385 1.4352 0.18844 0.40365
-0.01487 0.60242 -0.75646 2.1344 1.2806 -0.094902 0.50124 1.3467 0.07091 0.97089 0.044103 0.1082
-0.26866 0.47192 -0.27978 1.5826 1.4726 -0.33127 0.39154 1.2346 0.24586 0.030044 0.75524 -0.71017
           
1.1645 -0.22143 -1.1904 -0.95999 0.78991 -0.088829 1.2898 2.0566 -0.18088 0.22481 -0.48189 -1.1274
1.0486 -0.14049 -0.82197 -0.69617 0.80233 -0.13662 1.4367 2.3045 -0.31633 0.23966 -0.41936 -0.46374
1.3551 -0.21274 -0.18054 -0.46529 0.8413 0.12324 1.9228 2.0984 0.21374 1.1467 -0.34797 0.58505
1.5022 -0.21109 0.43731 -0.75978 1.1809 0.58273 1.3721 1.8469 0.94276 0.28671 1.177 1.4075
1.204 -0.46393 0.11045 -0.46356 1.239 0.9732 1.1132 2.2645 1.2062 -0.0093755 1.9425 1.3881
1.2724 -0.65454 0.18485 -0.81384 1.908 0.92856 1.1983 2.1044 1.0859 0.41768 1.7902 1.2472
1.163 -0.40502 0.20669 -0.90009 2.1745 1.2278 0.96156 1.7162 0.9022 0.7696 1.4471 1.1769
0.97768 -0.42487 0.18482 -0.83617 2.5228 1.511 0.89103 1.9063 1.0483 0.54508 1.3136 0.73769
1.0443 -0.53414 0.33704 -0.75696 2.5448 1.3628 0.61281 1.852 0.86244 0.75868 1.6774 0.4668
0.93288 -0.50977 0.44974 -0.41582 2.5055 1.1035 0.40166 1.7178 0.97472 0.81909 1.4696 0.50392
0.72409 -0.41842 0.48879 0.0059349 2.461 0.65785 0.031973 1.4592 1.0982 1.3445 1.2136 0.40336
0.6636 -0.40285 0.58109 0.047166 2.5323 0.81706 0.045013 1.4901 0.93628 1.5338 1.2197 0.25038
0.32739 -0.42494 0.55369 0.4101 2.4612 1.3164 0.7011 2.0909 0.94669 1.2228 1.3495 0.20606
0.31306 -0.60335 0.95404 0.52811 2.4769 1.2365 0.60513 2.2297 1.3393 1.3191 1.1991 -0.16443
           
-0.0054797 0.21982 -0.77467 -0.23092 -1.3243 0.38074 1.4227 1.8912 -0.80449 2.3399 0.98206 0.43483
-0.24963 0.50746 -0.96893 -0.34601 -1.3534 0.84232 0.85347 1.6843 -1.2859 2.5174 0.92023 0.56762
0.098075 0.1283 -0.6235 -0.47778 -0.5322 -0.10461 1.8827 0.93975 -0.70986 1.9476 0.97222 1.3315
0.063904 0.049742 -0.55925 -0.054917 -0.13148 -0.21701 2.2895 0.89599 -0.5132 1.338 0.45435 1.9957
-0.12197 0.11536 -0.75716 0.50486 -0.31454 -0.3107 1.9199 0.85418 -0.62567 1.0304 0.11622 2.1211
-0.14358 0.088946 -0.83275 1.0827 -0.52568 -1.014 1.1721 0.45036 -0.43817 1.3026 0.73321 2.2123
-0.076962 -0.12678 -0.84024 1.2857 0.14338 -1.2534 1.4203 0.58972 -0.46289 1.6103 0.57312 2.4585
-0.033129 0.20723 -0.72264 0.53355 0.39477 -1.0603 0.9733 0.24316 -0.80644 1.6355 0.71458 2.2347
-0.10469 0.53716 -0.54261 0.42819 0.46892 -0.98634 0.5078 0.064625 -1.0502 1.7728 0.75602 2.3469
-0.11838 0.42345 -0.35096 0.65481 0.81219 -0.98605 0.58735 0.34172 -0.71833 1.7192 0.82382 2.4172
-0.17509 0.16256 -0.33075 1.0113 1.0993 -1.0303 0.90779 0.64402 0.013129 1.8694 0.72768 1.9728
           
0.96235 0.64071 -1.6475 0.29626 -0.30171 -0.29937 -0.56037 2.2363 -1.5711 0.64292 -1.2605 -0.35107
1.1106 0.28929 -1.3538 -0.34785 0.33985 -0.63594 -0.2062 1.78 -1.3279 -0.20617 -1.1464 -0.55845
1.0548 0.43323 -1.6414 -0.6288 0.89264 -0.58185 0.11262 1.3525 -1.2739 -0.38043 -1.6802 -0.67402
1.0954 -0.018504 -0.94867 -1.0617 1.7 -0.47556 0.50847 1.489 -0.75223 -0.24301 -1.7741 -0.5846
1.0696 -0.029622 -0.67467 -1.0328 2.0132 -0.38663 0.33363 1.379 -0.6619 0.24957 -0.64527 -0.38347
0.87445 0.22691 -0.56217 -0.68095 2.0983 -0.27471 0.56775 1.33 -0.89466 0.50669 -0.074539 0.24798
0.93772 0.077888 -0.4682 -0.51653 2.547 -0.17113 0.9825 1.4574 -0.78756 0.77213 -0.0029482 0.69685
0.88399 -0.088411 -0.62636 -0.079814 2.3756 0.008943 0.89409 1.2659 -0.86587 0.8724 -0.296 0.71804
0.83717 -0.10596 -0.73357 0.30177 2.5841 0.13594 1.0135 1.3395 -0.53042 1.2274 -0.80491 0.76017
0.56219 -0.018551 -1.028 0.9652 2.0842 0.41848 1.055 1.4072 -0.75767 1.6477 -0.99925 0.79392
0.71293 -0.12108 -0.8202 0.83006 1.9489 0.27772 0.76968 0.85962 -0.92103 1.6179 -1.0016 0.32766
0.70933 -0.30899 -0.36288 0.77572 2.054 0.16025 0.67462 0.86529 -0.45246 1.4177 -0.68963 0.022011
0.57191 -0.15947 -0.22879 0.64693 2.2641 -0.14821 0.56856 0.77154 -0.47649 1.2282 -0.74618 0.067051
           
0.57777 0.20695 -1.5057 0.72537 -0.4094 -0.24279 1.6457 3.4851 -0.1122 1.3021 -0.70498 0.089628
0.62864 0.067267 -1.0836 0.76121 -0.025661 -0.25796 2.3371 2.732 0.40859 1.3942 -0.44944 1.0355
0.80694 0.024978 -0.95567 0.49246 0.80068 -0.40704 2.9687 1.89 1.1689 0.88974 -0.76268 1.5349
0.23056 0.2446 -1.4306 1.142 0.34222 -0.149 3.1873 2.2732 0.56859 0.71325 -0.65648 1.6625
0.31312 0.01676 -1.4316 1.0885 0.56645 -0.23264 3.2497 1.9153 0.48216 0.78323 -0.334 1.8402
0.42561 -0.00583 -0.87799 0.94971 0.98516 -0.16008 2.5253 1.1613 0.73065 1.631 0.0081174 2.0062
0.32474 0.14961 -0.65166 1.5248 1.2508 -0.79953 1.7131 0.94222 0.68345 1.4636 -0.18762 2.6991
0.18873 0.24024 -0.56576 1.5704 1.1574 -0.49022 1.5553 0.58994 0.37056 1.2788 -0.40252 2.8582
0.33495 0.25375 -0.053336 1.3662 1.1758 -0.24491 1.7198 0.094842 0.3133 1.2272 0.052992 2.7606
0.57954 -0.035385 0.25927 1.0813 1.5067 -0.091348 1.4276 -0.14808 0.54335 2.056 0.17428 2.7175
0.31115 0.2429 -0.14274 1.0795 1.7023 0.1278 0.79882 0.011336 0.4054 2.5301 -0.4453 2.166
0.063584 0.45123 -0.03844 1.2573 1.7368 0.22348 1.4727 0.21452 0.55851 2.4293 0.078356 2.0199
-0.057303 0.22526 0.14093 1.4212 1.6622 0.72835 2.517 0.65585 0.77231 2.9664 0.46294 1.8991
-0.82278 0.38006 0.19591 2.4243 1.3333 0.71983 2.8261 1.5558 1.3429 2.1361 0.59422 1.6845
           
0.68191 0.55458 -0.1784 -0.23564 0.0023021 -0.11137 1.1081 2.4478 0.43624 0.68595 1.3075 0.37178
0.76329 0.80703 -0.037034 -0.27784 0.66105 -0.56953 1.1126 2.1917 0.097463 0.77943 1.257 0.95863
0.93822 0.66633 -0.0076908 -0.19186 0.95534 -0.30755 1.1115 2.1617 -0.015182 0.6078 1.1827 1.0947
1.0135 0.66628 0.17798 -0.45441 1.3709 0.16193 0.93053 1.7099 -0.16216 0.98749 1.2091 1.0534
1.1954 0.55812 0.62439 -0.65796 1.8853 0.13791 1.4667 1.3055 -0.32981 0.84899 0.90835 1.6624
1.2696 0.63217 0.2977 -0.465 1.9267 0.20378 0.86512 0.95608 -0.62091 0.83224 0.62868 1.1846
1.1852 0.68667 -0.1681 0.50026 1.4676 0.14084 0.41895 0.78364 -0.70763 1.0679 0.95706 1.1426
1.2194 0.55447 -0.17347 0.92495 1.6935 -0.10884 0.53285 0.32988 -0.22017 1.4652 1 1.4242
1.3302 0.53562 0.20065 0.50743 2.4165 -0.060522 0.66829 0.071539 0.22476 1.5757 0.64069 1.1759
1.1426 0.99552 0.28718 0.49201 2.6766 -0.46785 0.33074 -0.34292 0.20942 1.0016 -0.052368 0.27437
0.82442 1.2969 0.71427 0.66439 2.6143 -0.83032 0.020252 -0.60535 0.41173 0.62224 -0.28458 -0.48172
0.36314 1.1279 0.71401 1.8163 2.0774 -0.71353 0.57653 -0.12564 0.76963 0.97681 -0.93985 -0.22817
           
-0.37242 1.0061 -1.0592 1.1501 -1.158 2.0725 -0.57326 2.359 0.12164 -0.26743 -0.073662 1.0519
-0.40502 0.67497 -0.95922 0.63054 -0.74233 2.5425 -0.056044 3.0306 -0.05628 -0.05492 -0.40153 0.30359
-0.3236 0.35355 -1.3866 0.42057 -0.66586 2.3472 0.13781 2.6964 -0.41088 -0.23822 0.00020162 -0.24718
-0.088963 -0.064315 -1.5112 0.483 0.027028 1.7942 0.35842 2.2887 -0.6569 -0.21473 0.66217 0.11848
-0.043633 0.40703 -0.93994 0.63725 0.28611 1.8267 -0.089359 2.0434 -0.50138 -0.41035 0.60544 0.59253
-0.028804 0.65592 -1.0089 0.97447 0.10549 1.6648 -0.75293 1.6645 -0.32612 -0.47167 0.47102 0.74966
0.32352 0.6332 -0.86314 0.69358 0.49474 1.2503 -1.0634 1.2235 -0.55397 -0.4158 0.42331 0.39103
0.86586 0.10304 -0.21956 -0.0084059 1.7192 1.1985 -0.35903 1.1147 -0.19183 -0.33655 0.66323 -0.13888
0.60059 0.036197 -0.28895 0.16076 1.7527 1.4943 -0.14577 1.2215 -0.10877 -0.056045 0.58541 -0.37296
0.33424 0.13202 -0.33809 0.56739 1.4308 1.614 -0.24856 1.35 -0.307 0.27411 0.31013 -0.61201
0.24874 0.10562 -0.081753 0.90845 1.2539 1.3588 -0.22628 1.3835 -0.44088 0.39323 -0.03275 -0.79906
0.3333 -4.1836e-05 0.34417 1.0178 1.3868 0.96264 -0.13672 1.2667 -0.31937 0.13978 -0.086419 -0.83033
-0.040088 0.65245 -0.42813 1.7585 0.67223 1.0134 -0.4833 1.1456 -0.86486 0.11712 -0.10891 -0.73209
-0.24747 0.78889 -0.65189 2.1474 0.2313 0.85724 -0.85719 0.91232 -0.53903 -0.4724 -0.37756 -1.0148
0.075912 0.56391 -0.30013 2.2892 0.2885 0.91167 -1.4815 1.4099 -0.62544 -0.48018 -0.36758 -1.1794
0.0061212 0.75149 -0.11426 2.5055 0.45712 0.85732 -1.6021 1.8827 -0.89028 -0.3658 -0.15219 -1.2203
-0.34282 1.1325 -0.31232 2.9388 0.18044 1.3786 -1.9131 2.6238 -1.3214 0.2083 -0.26512 -1.1284
           
0.70301 0.75973 -0.52154 -0.013372 -0.58826 1.8686 0.44178 1.9187 0.7776 0.0017809 -0.25981 -0.25938
0.60383 0.69356 -0.4748 0.27307 -0.19093 1.4955 0.23453 1.9185 0.62286 -0.27394 0.18484 0.18019
0.63278 0.57828 0.082875 -0.10724 0.90676 0.97827 0.23477 1.4188 0.55749 -0.15231 1.1401 1.0584
0.63428 0.79033 0.77869 -0.85787 1.725 1.5648 0.063981 1.1822 -0.10631 0.79806 1.2606 1.2781
1.2782 0.74789 0.87258 -1.8255 2.2552 1.9522 -0.11855 0.32827 -0.26342 1.172 0.57297 0.71444
1.3342 0.67477 0.67184 -1.3858 2.3519 1.201 -0.067643 0.51071 -0.4577 0.53323 0.5262 0.37463
1.0005 0.84066 0.748 -1.0714 2.2588 1.1386 -0.24237 0.50251 -0.46705 0.37437 0.48974 0.14376
0.78297 0.95095 1.0884 -0.90414 2.2887 1.0898 -0.53137 0.58121 -0.3513 0.4849 0.53281 -0.07412
0.92218 0.79528 1.2051 -0.67663 2.6967 0.68546 -0.39078 0.84807 -0.2007 0.28511 0.71444 -0.024005
0.76338 0.87785 1.5357 -0.71471 2.4628 0.67225 -0.65674 0.87877 -0.40884 -0.18211 0.8432 -0.51316
0.80049 0.33085 1.2184 -0.14951 2.3495 -0.09085 -0.58618 0.61853 0.20376 -0.52749 0.9636 -0.53694
           
0.20764 0.023465 -3.1184 2.2725 -2.3361 -0.65278 1.6173 1.074 1.2438 -0.97454 1.4616 -1.0215
0.26288 0.38638 -2.8704 1.9162 -1.6855 -0.7501 1.6731 0.68575 1.094 -1.7693 1.1578 -0.99204
-0.096843 0.65698 -2.6477 1.6794 -1.8118 -0.062156 1.006 0.60439 0.83587 -1.5324 1.502 -0.47589
-0.16934 0.93602 -2.413 1.3148 -1.6549 0.26239 0.74099 0.81059 0.79848 -1.6918 1.7095 -0.60961
-0.13856 0.85008 -2.3273 1.2127 -1.3383 0.12399 0.75288 0.57287 0.89154 -1.667 1.9848 -0.61877
-0.29198 0.85065 -2.0545 1.3275 -1.06 0.65702 -0.15623 1.2851 -0.027806 -0.35751 1.3649 0.41992
-0.30423 0.70211 -1.8143 1.4025 -0.84919 1.624 -0.96755 2.4258 -1.0229 0.93386 0.62091 0.82873
-0.46239 0.60526 -1.5158 1.4762 -0.33057 1.5483 -0.61957 2.3942 -0.89297 1.0278 0.82567 1.0858
-0.60492 0.66578 -1.4128 1.4571 0.26596 1.2433 -0.30047 2.0749 -0.75757 0.8435 1.1531 0.82276
-0.87712 0.9044 -1.8366 1.9759 -0.060168 1.6765 -0.55959 2.1779 -1.1768 0.83641 1.1136 0.37323
           
0.056072 0.46238 -1.0577 1.6232 -1.7575 0.96341 -0.85013 1.7109 -0.23869 0.24679 -0.51499 1.2362
-0.60447 -0.31235 -1.9213 1.6679 -1.457 1.757 -0.80315 2.5874 -1.087 0.21383 -0.87688 0.48582
-0.66045 -0.23753 -2.2462 1.5505 -1.345 2.3635 -0.96016 2.8249 -1.8387 0.60261 -0.22702 0.61251
-0.13698 -0.092184 -1.8279 1.3964 -0.99316 2.235 -1.0059 2.7223 -1.6457 0.48307 0.48178 0.87802
1.1419 -0.38443 -0.84668 0.55985 1.0409 0.75059 -0.15855 1.9163 -0.59297 -0.11335 1.0384 0.31399
1.3302 -0.33368 -0.8226 0.63302 1.3064 0.58014 -0.5826 1.5475 -0.60507 0.1949 0.89237 -0.45271
1.2914 -0.35776 -0.35606 0.26283 1.3967 0.71502 -0.32284 0.91814 -0.52228 0.69679 1.2084 -0.54919
1.0887 -0.23055 -0.24709 0.50648 1.3238 0.75433 -0.20086 1.0019 -0.67976 0.69969 1.4373 -0.46935
1.3313 -0.93648 -0.023205 0.45157 1.8692 0.54554 0.32879 1.2477 0.02818 0.43061 1.3763 -0.81382
1.3276 -1.3524 0.05054 0.5028 1.9368 0.6021 0.67729 1.3745 0.35888 0.32554 0.85562 -1.5448
1.1248 -1.1687 0.32699 0.70215 1.8837 0.31886 0.32259 1.3167 0.22405 0.15693 0.40167 -1.609
0.9232 -0.95007 0.38607 1.0813 1.6838 0.010716 0.17706 1.2478 -0.10721 0.14996 0.33601 -1.5325
0.85356 -0.91239 0.417 1.4262 1.5187 -0.1912 0.15382 1.1099 -0.080269 0.14904 0.099758 -1.4742
0.59981 -0.79089 0.55418 1.5535 1.3082 -0.071247 -0.089377 1.1242 0.031161 0.015243 0.04417 -1.6142
           
0.96839 -0.45356 0.72569 -1.4165 -0.016998 0.03524 -0.090848 1.4863 1.3512 -0.80057 0.32106 -0.07353
1.1438 -0.22671 0.61483 -1.1391 0.29689 -0.040488 0.096479 1.3882 1.0854 -0.75147 0.29451 0.37797
0.92703 -0.097311 0.50291 -0.76383 0.24037 0.21631 0.34909 1.4794 0.89517 -0.20742 0.60896 0.78671
0.4043 -0.043429 0.061032 -0.32136 -0.016812 0.69278 0.19067 1.8651 0.58842 0.39387 1.3283 0.68524
0.65253 -0.045561 0.31915 -0.76676 0.75993 0.52973 0.31793 1.7364 0.31563 0.31805 1.2105 0.82958
0.55216 0.41556 0.14906 -0.6656 0.88777 0.40062 0.38064 1.6107 -0.16111 0.24021 0.61078 1.0928
0.81047 0.29705 -0.17894 -1.0669 0.94743 0.62663 0.32548 0.98217 -0.25683 0.53709 0.052873 0.60632
1.2091 -0.10882 -1.2059 -1.6003 0.87243 1.0208 0.54855 0.21083 -0.43259 1.3128 0.31272 -0.25935
1.2143 0.056581 -0.713 -1.3517 1.2395 0.82015 0.41968 0.47246 -0.8131 1.1005 0.010999 -0.014341
0.77305 0.14732 -0.12101 -0.53134 1.5903 0.47781 0.25123 1.0604 -0.64296 0.6481 -0.017565 0.44027
0.84389 -0.21464 0.24876 -0.66073 1.8993 0.27695 -0.030392 0.96835 -0.17957 -0.014899 0.49132 0.22327
0.75974 -0.24594 0.60647 -0.55138 1.772 0.036802 -0.63546 0.76703 -0.033969 -0.16735 1.1477 -0.045804
0.51239 -0.10674 0.85779 -0.52854 1.6929 -0.10325 -1.0181 0.43427 -0.18297 0.21224 1.3109 0.036531
0.50402 -0.024805 0.96265 -0.53987 1.6929 -0.25054 -1.2176 0.22192 -0.23732 0.21399 1.3072 -0.017409
0.58061 -0.056962 0.84078 -0.51921 1.8237 -0.78412 -1.3109 0.046044 0.021255 0.41318 1.0438 -0.27175
           
-0.78761 -0.06577 -2.9408 2.774 -1.1925 1.3291 3.2489 3.389 2.0009 -0.98301 -0.075633 -2.3721
-0.37497 0.95789 -2.6061 2.1548 -1.6242 0.25961 1.6713 2.2256 1.0135 -1.4953 0.064861 -2.053
0.175 1.7389 -2.4606 1.6312 -1.4141 -0.5852 0.83673 1.3794 0.70604 -1.3771 -0.33114 -1.8515
0.30348 1.5517 -2.59 1.8904 -1.3272 -0.74023 0.98974 0.96149 0.91878 -1.7473 -0.44983 -1.7606
0.2956 1.1493 -2.4885 1.9306 -1.2157 -0.40576 1.374 0.98762 0.71291 -2.2147 -0.53603 -1.4733
0.098994 1.0285 -2.6264 2.3405 -1.5543 0.31427 1.344 1.3487 0.34641 -2.1512 0.013017 -1.0823
0.075513 0.75918 -2.304 2.2011 -1.3922 0.92337 1.2671 1.1217 0.34006 -1.751 0.18461 -0.39464
0.23841 0.44609 -1.8431 1.6554 -0.76487 0.83792 1.4886 0.33202 0.64256 -1.8675 -0.058655 -0.16301
0.034047 0.42531 -1.8958 1.6176 -0.25479 0.93486 1.8273 0.20033 0.99899 -2.2486 0.18317 -0.54916
0.30841 0.14442 -1.5493 1.3074 0.37307 0.51755 1.7782 -0.19225 0.95181 -1.6204 0.096971 0.072694
0.14968 0.40291 -1.5956 1.6035 -0.19289 0.98526 0.59347 -0.15979 0.30648 -1.0836 -0.084495 0.2076
-0.18476 0.81946 -2.0471 2.1827 -1.0446 1.8429 -0.54191 0.072175 -0.24709 -0.81791 -0.40605 -0.12078
-0.26107 0.79943 -2.0753 2.6044 -1.071 1.4474 -0.71592 0.17163 -0.30222 -0.8186 -0.5874 -0.18478
-0.1295 0.76488 -1.8252 2.3842 -0.8146 1.6537 -1.0765 0.3017 -0.4043 -0.25328 -0.47367 0.097734
-0.15009 0.59186 -1.5457 2.2268 -0.3736 1.4375 -0.45605 0.17915 0.20777 -0.53394 0.17318 0.057715
-0.26807 0.24969 -1.4021 2.344 -0.020466 1.318 0.34701 0.29455 0.9685 -0.62174 0.53926 -0.084907
-0.11181 -0.15155 -1.0885 2.4315 0.15818 1.2103 0.83738 0.26737 1.3879 -0.21908 0.24174 -0.035456
           
0.4924 0.66642 -0.4891 0.48048 -2.2994 0.65512 -0.12481 2.6014 0.55768 1.6099 2.217 0.14315
0.14013 0.76598 -0.74377 0.90428 -2.1098 0.41842 -0.87686 2.5912 -0.1227 1.6788 2.2618 0.74135
-0.24094 1.0137 -0.83158 0.93117 -2.2322 0.28075 -1.5866 2.108 -0.40365 1.5127 2.6691 0.99284
-0.35036 1.3401 -1.1803 1.0039 -2.3711 1.1152 -0.69836 2.3294 -0.73795 0.81123 2.5371 0.86892
0.18251 0.65077 -1.3914 1.2641 -1.6826 1.173 -0.26152 2.8637 -0.67173 1.2736 1.6156 1.2984
0.5055 0.12041 -1.0767 0.90293 -1.1937 1.5652 -0.073444 2.8806 -0.48961 1.0911 2.0253 0.81681
0.53203 0.10972 -1.0288 0.67001 -0.89223 1.8644 -0.00052369 2.7572 -0.66251 0.77489 2.1164 0.46143
0.80665 0.005312 -1.1071 0.58988 -0.29807 1.5334 0.18691 2.5728 -0.81931 0.38358 2.3414 0.37803
1.1826 -0.35585 -0.92213 0.49339 0.45843 0.95197 0.31241 2.0004 -0.71346 0.6056 2.5664 0.43073
1.2933 -0.64745 -0.53607 0.33091 0.86413 0.2574 0.25293 1.5252 -0.63437 0.32506 2.0131 0.21936
1.2239 -0.33892 -0.69288 0.76408 0.52753 0.17273 -0.24708 1.3158 -1.0896 0.26597 1.6903 0.40917
0.9116 0.082107 -1.0517 1.7443 -0.48829 0.72096 -0.98551 1.3241 -1.3997 0.64672 1.4196 0.98087
           
0.46325 1.59 -1.1776 0.45358 -0.93155 -0.81113 -0.46998 1.2049 0.23551 -0.18491 -1.2126 -1.1712
-0.33537 1.3231 -1.0737 0.98695 -1.2299 0.13381 -0.33579 1.8641 -0.029655 -0.021776 -2.1379 -0.4445
0.25074 0.99578 -0.90529 0.67498 -0.80243 -0.03432 0.060403 1.5881 0.38918 -0.1578 -2.0255 -0.45841
0.54543 0.97347 -1.3542 0.64034 -0.82109 0.079551 0.089297 1.0388 0.44402 -0.99332 -1.6348 -0.93344
0.69832 0.84842 -1.3771 0.53096 -0.70137 0.26661 0.28861 0.54755 0.48211 -1.6466 -1.3438 -0.92309
0.9683 0.70576 -1.1975 0.42601 -0.74153 0.6041 0.3368 -0.28669 0.77101 -2.0498 -1.3891 -0.59644
0.84221 1.1044 -1.5946 0.80378 -1.1157 1.4197 -0.65643 -0.3268 0.21731 -2.0552 -1.6499 -0.68374
1.0069 1.3683 -1.4081 0.3784 -0.62979 1.2928 -1.2671 -0.71386 -0.33253 -2.1194 -0.83356 -0.6182
0.86002 1.2503 -1.3263 0.39557 -0.13094 0.94212 -1.3503 -1.0253 -0.25137 -2.0755 -0.29262 -0.65869
0.94397 0.9471 -0.94237 0.16336 0.65197 1.1069 -1.2364 -0.74733 -0.35961 -1.4837 -0.42003 -0.54785
1.0047 0.81307 -0.84513 0.051263 0.88794 1.8493 -1.3168 -0.20644 -0.72238 -1.0299 -0.30417 -1.0411
0.77091 1.1751 -1.0422 0.62556 0.09768 2.4103 -2.1672 0.32228 -1.6025 -0.56039 -0.050406 -1.2922
0.81341 1.1824 -0.61723 0.68614 0.2798 1.6285 -2.3063 -0.16515 -1.1675 -0.77587 0.26752 -1.3191
0.80125 1.1587 -0.31284 0.92808 0.70038 0.7297 -2.069 -0.15075 -1.0117 -0.85757 0.035268 -1.3996
           
0.81672 0.11691 -0.028961 -1.6135 0.035825 -0.36342 1.3282 2.0788 0.30159 0.13805 1.43 -0.95152
0.8514 0.15152 -0.0018837 -2.0249 0.18508 -0.39177 1.3023 1.9312 0.46238 0.3704 1.3811 -0.87453
0.82271 0.1967 0.71258 -1.3438 0.71682 0.21814 2.0207 2.4332 0.68703 0.39458 1.2446 0.075889
0.45718 -0.74175 0.49449 -0.9551 1.76 1.5199 3.1889 3.4031 1.457 0.56138 0.12891 0.34551
0.70809 -0.46425 0.35696 -1.2031 1.7904 1.0592 2.8716 2.8139 0.79618 0.51608 0.52758 0.56066
0.81763 0.40314 0.53649 -0.7962 1.4375 0.30898 1.8017 1.7795 -0.24283 0.75892 1.8214 1.4377
0.98307 0.41339 0.69103 -0.85045 1.6956 0.44687 1.452 1.8335 -0.38164 0.34963 1.8714 1.3956
0.61241 0.56706 0.6336 -0.53083 1.8559 0.16664 1.8766 1.8133 -0.46005 0.65453 2.5141 1.4858
0.58657 0.50098 0.64326 -0.58608 2.0316 -0.35788 1.6225 1.2217 -0.19292 1.18 2.6367 1.289
